F4:B8:5E:C4:5F:BE,-90,2016,1,21,13,29,47
F4:B8:5E:C4:5F:BE,-74,2016,1,21,13,30,18
F4:B8:5E:C4:5F:BE,-65,2016,1,21,13,30,49
F4:B8:5E:C4:5F:BE,-89,2016,1,21,13,31,20
F4:B8:5E:C4:5F:BE,-71,2016,1,21,13,31,51
F4:B8:5E:C4:5F:BE,-73,2016,1,21,13,32,21
F4:B8:5E:C4:5F:BE,-73,2016,1,21,13,32,51
F4:B8:5E:C4:5F:BE,-79,2016,1,21,13,33,21
F4:B8:5E:C4:5F:BE,-74,2016,1,21,13,33,51
F4:B8:5E:C4:5F:BE,-72,2016,1,21,13,34,22
F4:B8:5E:C4:5F:BE,-86,2016,1,21,13,34,53
F4:B8:5E:C4:5F:BE,-86,2016,1,21,13,35,24
F4:B8:5E:C4:5F:BE,-65,2016,1,21,13,35,55
F4:B8:5E:C4:5F:BE,-68,2016,1,21,13,36,26
F4:B8:5E:C4:5F:BE,-65,2016,1,21,13,36,57
F4:B8:5E:C4:5F:BE,-80,2016,1,21,13,37,27
74:DA:EA:A8:9D:0F,-80,2016,1,21,13,40,1
F4:B8:5E:C4:8F:EE,-90,2016,1,21,13,40,1
F4:B8:5E:C4:5F:BE,-86,2016,1,21,13,40,1
F4:B8:5E:C4:63:25,-77,2016,1,21,13,40,1
68:9E:19:11:A6:DB,-79,2016,1,21,13,40,1
F4:B8:5E:DC:A9:F8,-86,2016,1,21,13,40,1
74:DA:EA:A8:9D:0F,-92,2016,1,21,13,40,32
F4:B8:5E:C4:8F:EE,-86,2016,1,21,13,40,32
F4:B8:5E:C4:5F:BE,-93,2016,1,21,13,40,32
F4:B8:5E:C4:63:25,-89,2016,1,21,13,40,32
68:9E:19:11:A6:DB,-87,2016,1,21,13,40,32
F4:B8:5E:DC:A9:F8,-85,2016,1,21,13,40,32
74:DA:EA:A8:9D:0F,-82,2016,1,21,13,41,3
F4:B8:5E:C4:8F:EE,-92,2016,1,21,13,41,3
F4:B8:5E:C4:5F:BE,-91,2016,1,21,13,41,3
F4:B8:5E:C4:63:25,-87,2016,1,21,13,41,3
68:9E:19:11:A6:DB,-80,2016,1,21,13,41,3
F4:B8:5E:DC:A9:F8,-89,2016,1,21,13,41,3
F4:B8:5E:C4:8F:EE,-90,2016,1,21,13,41,34
F4:B8:5E:C4:63:25,-89,2016,1,21,13,41,34
74:DA:EA:A8:9D:0F,-91,2016,1,21,13,41,34
F4:B8:5E:C4:5F:BE,-93,2016,1,21,13,41,34
68:9E:19:11:A6:DB,-95,2016,1,21,13,41,34
F4:B8:5E:C4:63:25,-89,2016,1,26,7,56,2
F4:B8:5E:C4:8F:EE,-93,2016,1,26,7,56,2
F4:B8:5E:C4:5F:BE,-93,2016,1,26,7,56,2
74:DA:EA:A8:9D:0F,-90,2016,1,26,7,56,33
F4:B8:5E:C4:8F:EE,-90,2016,1,26,7,56,33
F4:B8:5E:C4:5F:BE,-92,2016,1,26,7,56,33
F4:B8:5E:C4:63:25,-90,2016,1,26,7,56,33
68:9E:19:11:A6:DB,-94,2016,1,26,7,56,33
F4:B8:5E:DC:A9:F8,-96,2016,1,26,7,56,33
74:DA:EA:A8:9D:0F,-90,2016,1,26,7,57,4
F4:B8:5E:C4:8F:EE,-92,2016,1,26,7,57,4
F4:B8:5E:C4:5F:BE,-88,2016,1,26,7,57,4
F4:B8:5E:C4:63:25,-88,2016,1,26,7,57,4
68:9E:19:11:A6:DB,-91,2016,1,26,7,57,4
F4:B8:5E:DC:A9:F8,-93,2016,1,26,7,57,4
74:DA:EA:A8:9D:0F,-89,2016,1,26,7,57,35
F4:B8:5E:C4:8F:EE,-93,2016,1,26,7,57,35
F4:B8:5E:C4:5F:BE,-85,2016,1,26,7,57,35
F4:B8:5E:C4:63:25,-79,2016,1,26,7,57,35
68:9E:19:11:A6:DB,-80,2016,1,26,7,57,35
F4:B8:5E:DC:A9:F8,-90,2016,1,26,7,57,35
74:DA:EA:A8:9D:0F,-86,2016,1,26,7,58,6
F4:B8:5E:C4:8F:EE,-91,2016,1,26,7,58,6
F4:B8:5E:C4:5F:BE,-89,2016,1,26,7,58,6
F4:B8:5E:C4:63:25,-83,2016,1,26,7,58,6
68:9E:19:11:A6:DB,-82,2016,1,26,7,58,6
F4:B8:5E:DC:A9:F8,-89,2016,1,26,7,58,6
74:DA:EA:A8:9D:0F,-90,2016,1,26,7,58,37
F4:B8:5E:C4:8F:EE,-95,2016,1,26,7,58,37
F4:B8:5E:C4:5F:BE,-90,2016,1,26,7,58,37
F4:B8:5E:C4:63:25,-81,2016,1,26,7,58,37
68:9E:19:11:A6:DB,-84,2016,1,26,7,58,37
F4:B8:5E:DC:A9:F8,-92,2016,1,26,7,58,37
74:DA:EA:A8:9D:0F,-93,2016,1,26,7,59,8
F4:B8:5E:C4:8F:EE,-90,2016,1,26,7,59,8
F4:B8:5E:C4:5F:BE,-87,2016,1,26,7,59,8
F4:B8:5E:C4:63:25,-86,2016,1,26,7,59,8
68:9E:19:11:A6:DB,-81,2016,1,26,7,59,8
F4:B8:5E:DC:A9:F8,-88,2016,1,26,7,59,8
F4:B8:5E:C4:8F:EE,-94,2016,1,26,7,59,38
F4:B8:5E:C4:63:25,-93,2016,1,26,7,59,38
F4:B8:5E:C4:5F:BE,-96,2016,1,26,7,59,38
F4:B8:5E:DC:A9:F8,-91,2016,1,26,7,59,38
68:9E:19:11:A6:DB,-87,2016,1,26,7,59,38
F4:B8:5E:C4:8F:EE,-93,2016,1,26,8,0,8
F4:B8:5E:C4:63:25,-87,2016,1,26,8,0,8
74:DA:EA:A8:9D:0F,-93,2016,1,26,8,0,8
F4:B8:5E:C4:5F:BE,-93,2016,1,26,8,0,8
68:9E:19:11:A6:DB,-84,2016,1,26,8,0,8
74:DA:EA:A8:9D:0F,-97,2016,1,26,8,0,38
F4:B8:5E:C4:8F:EE,-89,2016,1,26,8,0,38
F4:B8:5E:C4:5F:BE,-85,2016,1,26,8,0,38
F4:B8:5E:C4:63:25,-89,2016,1,26,8,0,38
68:9E:19:11:A6:DB,-88,2016,1,26,8,0,38
F4:B8:5E:DC:A9:F8,-91,2016,1,26,8,0,38
74:DA:EA:A8:9D:0F,-92,2016,1,26,8,2,35
F4:B8:5E:C4:8F:EE,-91,2016,1,26,8,2,35
F4:B8:5E:C4:5F:BE,-83,2016,1,26,8,2,35
F4:B8:5E:C4:63:25,-84,2016,1,26,8,2,35
68:9E:19:11:A6:DB,-85,2016,1,26,8,2,35
F4:B8:5E:DC:A9:F8,-90,2016,1,26,8,2,35
74:DA:EA:A8:9D:0F,-94,2016,1,26,8,3,5
F4:B8:5E:C4:8F:EE,-95,2016,1,26,8,3,5
F4:B8:5E:C4:5F:BE,-81,2016,1,26,8,3,5
F4:B8:5E:C4:63:25,-82,2016,1,26,8,3,5
68:9E:19:11:A6:DB,-82,2016,1,26,8,3,5
F4:B8:5E:DC:A9:F8,-89,2016,1,26,8,3,5
74:DA:EA:A8:9D:0F,-90,2016,1,26,8,3,35
F4:B8:5E:C4:8F:EE,-93,2016,1,26,8,3,35
F4:B8:5E:C4:5F:BE,-94,2016,1,26,8,3,35
F4:B8:5E:C4:63:25,-87,2016,1,26,8,3,35
68:9E:19:11:A6:DB,-79,2016,1,26,8,3,35
F4:B8:5E:DC:A9:F8,-87,2016,1,26,8,3,35
74:DA:EA:A8:9D:0F,-85,2016,1,26,8,4,5
F4:B8:5E:C4:8F:EE,-83,2016,1,26,8,4,5
F4:B8:5E:C4:5F:BE,-93,2016,1,26,8,4,5
F4:B8:5E:C4:63:25,-81,2016,1,26,8,4,5
68:9E:19:11:A6:DB,-84,2016,1,26,8,4,5
F4:B8:5E:DC:A9:F8,-91,2016,1,26,8,4,5
F4:B8:5E:C4:8F:EE,-94,2016,1,26,8,4,35
F4:B8:5E:C4:63:25,-87,2016,1,26,8,4,35
74:DA:EA:A8:9D:0F,-96,2016,1,26,8,4,35
F4:B8:5E:C4:5F:BE,-95,2016,1,26,8,4,35
68:9E:19:11:A6:DB,-85,2016,1,26,8,4,35
74:DA:EA:A8:9D:0F,-95,2016,1,26,8,5,5
F4:B8:5E:C4:8F:EE,-91,2016,1,26,8,5,5
F4:B8:5E:C4:5F:BE,-93,2016,1,26,8,5,5
F4:B8:5E:C4:63:25,-88,2016,1,26,8,5,5
68:9E:19:11:A6:DB,-86,2016,1,26,8,5,5
F4:B8:5E:DC:A9:F8,-90,2016,1,26,8,5,5
74:DA:EA:A8:9D:0F,-95,2016,1,26,8,5,37
F4:B8:5E:C4:8F:EE,-89,2016,1,26,8,5,37
F4:B8:5E:C4:5F:BE,-92,2016,1,26,8,5,37
F4:B8:5E:C4:63:25,-87,2016,1,26,8,5,37
68:9E:19:11:A6:DB,-86,2016,1,26,8,5,37
F4:B8:5E:DC:A9:F8,-91,2016,1,26,8,5,37
74:DA:EA:A8:9D:0F,-92,2016,1,26,8,6,7
F4:B8:5E:C4:8F:EE,-87,2016,1,26,8,6,7
F4:B8:5E:C4:5F:BE,-92,2016,1,26,8,6,7
F4:B8:5E:C4:63:25,-87,2016,1,26,8,6,7
68:9E:19:11:A6:DB,-87,2016,1,26,8,6,7
F4:B8:5E:DC:A9:F8,-89,2016,1,26,8,6,7
74:DA:EA:A8:9D:0F,-92,2016,1,26,8,6,37
F4:B8:5E:C4:8F:EE,-94,2016,1,26,8,6,37
F4:B8:5E:C4:5F:BE,-96,2016,1,26,8,6,37
F4:B8:5E:C4:63:25,-82,2016,1,26,8,6,37
68:9E:19:11:A6:DB,-84,2016,1,26,8,6,37
F4:B8:5E:DC:A9:F8,-94,2016,1,26,8,6,37
74:DA:EA:A8:9D:0F,-92,2016,1,26,8,7,7
F4:B8:5E:C4:8F:EE,-92,2016,1,26,8,7,7
F4:B8:5E:C4:5F:BE,-92,2016,1,26,8,7,7
F4:B8:5E:C4:63:25,-88,2016,1,26,8,7,7
68:9E:19:11:A6:DB,-85,2016,1,26,8,7,7
F4:B8:5E:DC:A9:F8,-90,2016,1,26,8,7,7
74:DA:EA:A8:9D:0F,-95,2016,1,26,8,7,37
F4:B8:5E:C4:8F:EE,-91,2016,1,26,8,7,37
F4:B8:5E:C4:5F:BE,-91,2016,1,26,8,7,37
F4:B8:5E:C4:63:25,-85,2016,1,26,8,7,37
68:9E:19:11:A6:DB,-84,2016,1,26,8,7,37
F4:B8:5E:DC:A9:F8,-92,2016,1,26,8,7,37
74:DA:EA:A8:9D:0F,-92,2016,1,26,8,8,8
F4:B8:5E:C4:8F:EE,-91,2016,1,26,8,8,8
F4:B8:5E:C4:5F:BE,-93,2016,1,26,8,8,8
F4:B8:5E:C4:63:25,-87,2016,1,26,8,8,8
68:9E:19:11:A6:DB,-80,2016,1,26,8,8,8
F4:B8:5E:DC:A9:F8,-92,2016,1,26,8,8,8
74:DA:EA:A8:9D:0F,-88,2016,1,26,8,8,39
F4:B8:5E:C4:8F:EE,-95,2016,1,26,8,8,39
F4:B8:5E:C4:5F:BE,-92,2016,1,26,8,8,39
F4:B8:5E:C4:63:25,-83,2016,1,26,8,8,39
68:9E:19:11:A6:DB,-74,2016,1,26,8,8,39
F4:B8:5E:DC:A9:F8,-88,2016,1,26,8,8,39
74:DA:EA:A8:9D:0F,-93,2016,1,26,8,9,10
F4:B8:5E:C4:8F:EE,-91,2016,1,26,8,9,10
F4:B8:5E:C4:5F:BE,-92,2016,1,26,8,9,10
F4:B8:5E:C4:63:25,-88,2016,1,26,8,9,10
68:9E:19:11:A6:DB,-88,2016,1,26,8,9,10
F4:B8:5E:DC:A9:F8,-89,2016,1,26,8,9,10
74:DA:EA:A8:9D:0F,-94,2016,1,26,8,9,41
F4:B8:5E:C4:8F:EE,-92,2016,1,26,8,9,41
F4:B8:5E:C4:5F:BE,-92,2016,1,26,8,9,41
F4:B8:5E:C4:63:25,-88,2016,1,26,8,9,41
68:9E:19:11:A6:DB,-78,2016,1,26,8,9,41
F4:B8:5E:DC:A9:F8,-96,2016,1,26,8,9,41
74:DA:EA:A8:9D:0F,-91,2016,1,26,8,10,11
F4:B8:5E:C4:8F:EE,-91,2016,1,26,8,10,11
F4:B8:5E:C4:5F:BE,-94,2016,1,26,8,10,11
F4:B8:5E:C4:63:25,-79,2016,1,26,8,10,11
68:9E:19:11:A6:DB,-91,2016,1,26,8,10,11
F4:B8:5E:DC:A9:F8,-93,2016,1,26,8,10,11
74:DA:EA:A8:9D:0F,-93,2016,1,26,8,10,41
F4:B8:5E:C4:8F:EE,-90,2016,1,26,8,10,41
F4:B8:5E:C4:5F:BE,-88,2016,1,26,8,10,41
F4:B8:5E:C4:63:25,-88,2016,1,26,8,10,41
68:9E:19:11:A6:DB,-90,2016,1,26,8,10,41
F4:B8:5E:DC:A9:F8,-93,2016,1,26,8,10,41
74:DA:EA:A8:9D:0F,-89,2016,1,26,8,11,11
F4:B8:5E:C4:8F:EE,-90,2016,1,26,8,11,11
F4:B8:5E:C4:5F:BE,-92,2016,1,26,8,11,11
F4:B8:5E:C4:63:25,-81,2016,1,26,8,11,11
68:9E:19:11:A6:DB,-82,2016,1,26,8,11,11
F4:B8:5E:DC:A9:F8,-92,2016,1,26,8,11,11
74:DA:EA:A8:9D:0F,-88,2016,1,26,8,11,41
F4:B8:5E:C4:8F:EE,-94,2016,1,26,8,11,41
F4:B8:5E:C4:5F:BE,-91,2016,1,26,8,11,41
F4:B8:5E:C4:63:25,-85,2016,1,26,8,11,41
68:9E:19:11:A6:DB,-85,2016,1,26,8,11,41
F4:B8:5E:DC:A9:F8,-96,2016,1,26,8,11,41
74:DA:EA:A8:9D:0F,-91,2016,1,26,8,12,11
F4:B8:5E:C4:8F:EE,-96,2016,1,26,8,12,11
F4:B8:5E:C4:5F:BE,-93,2016,1,26,8,12,11
F4:B8:5E:C4:63:25,-79,2016,1,26,8,12,11
68:9E:19:11:A6:DB,-80,2016,1,26,8,12,11
F4:B8:5E:DC:A9:F8,-96,2016,1,26,8,12,11
74:DA:EA:A8:9D:0F,-88,2016,1,26,8,12,41
F4:B8:5E:C4:8F:EE,-92,2016,1,26,8,12,41
F4:B8:5E:C4:5F:BE,-94,2016,1,26,8,12,41
F4:B8:5E:C4:63:25,-79,2016,1,26,8,12,41
68:9E:19:11:A6:DB,-84,2016,1,26,8,12,41
F4:B8:5E:DC:A9:F8,-94,2016,1,26,8,12,41
74:DA:EA:A8:9D:0F,-89,2016,1,26,8,13,11
F4:B8:5E:C4:8F:EE,-96,2016,1,26,8,13,11
F4:B8:5E:C4:5F:BE,-92,2016,1,26,8,13,11
F4:B8:5E:C4:63:25,-79,2016,1,26,8,13,11
68:9E:19:11:A6:DB,-83,2016,1,26,8,13,11
F4:B8:5E:DC:A9:F8,-95,2016,1,26,8,13,11
74:DA:EA:A8:9D:0F,-85,2016,1,26,8,13,41
F4:B8:5E:C4:8F:EE,-94,2016,1,26,8,13,41
F4:B8:5E:C4:5F:BE,-96,2016,1,26,8,13,41
F4:B8:5E:C4:63:25,-84,2016,1,26,8,13,41
68:9E:19:11:A6:DB,-83,2016,1,26,8,13,41
F4:B8:5E:DC:A9:F8,-93,2016,1,26,8,13,41
74:DA:EA:A8:9D:0F,-95,2016,1,26,8,14,12
F4:B8:5E:C4:8F:EE,-90,2016,1,26,8,14,12
F4:B8:5E:C4:5F:BE,-95,2016,1,26,8,14,12
F4:B8:5E:C4:63:25,-90,2016,1,26,8,14,12
68:9E:19:11:A6:DB,-79,2016,1,26,8,14,12
F4:B8:5E:DC:A9:F8,-89,2016,1,26,8,14,12
74:DA:EA:A8:9D:0F,-89,2016,1,26,8,14,43
F4:B8:5E:C4:8F:EE,-91,2016,1,26,8,14,43
F4:B8:5E:C4:5F:BE,-96,2016,1,26,8,14,43
F4:B8:5E:C4:63:25,-84,2016,1,26,8,14,43
68:9E:19:11:A6:DB,-80,2016,1,26,8,14,43
F4:B8:5E:DC:A9:F8,-94,2016,1,26,8,14,43
74:DA:EA:A8:9D:0F,-87,2016,1,26,8,15,14
F4:B8:5E:C4:8F:EE,-91,2016,1,26,8,15,14
F4:B8:5E:C4:5F:BE,-92,2016,1,26,8,15,14
F4:B8:5E:C4:63:25,-79,2016,1,26,8,15,14
68:9E:19:11:A6:DB,-84,2016,1,26,8,15,14
F4:B8:5E:DC:A9:F8,-89,2016,1,26,8,15,14
74:DA:EA:A8:9D:0F,-88,2016,1,26,8,15,45
F4:B8:5E:C4:8F:EE,-88,2016,1,26,8,15,45
F4:B8:5E:C4:5F:BE,-92,2016,1,26,8,15,45
F4:B8:5E:C4:63:25,-82,2016,1,26,8,15,45
68:9E:19:11:A6:DB,-80,2016,1,26,8,15,45
F4:B8:5E:DC:A9:F8,-87,2016,1,26,8,15,45
74:DA:EA:A8:9D:0F,-83,2016,1,26,8,16,15
F4:B8:5E:C4:8F:EE,-90,2016,1,26,8,16,15
F4:B8:5E:C4:5F:BE,-90,2016,1,26,8,16,15
F4:B8:5E:C4:63:25,-91,2016,1,26,8,16,15
68:9E:19:11:A6:DB,-80,2016,1,26,8,16,15
F4:B8:5E:DC:A9:F8,-88,2016,1,26,8,16,15
74:DA:EA:A8:9D:0F,-89,2016,1,26,8,16,46
F4:B8:5E:C4:8F:EE,-90,2016,1,26,8,16,46
F4:B8:5E:C4:5F:BE,-93,2016,1,26,8,16,46
F4:B8:5E:C4:63:25,-92,2016,1,26,8,16,46
68:9E:19:11:A6:DB,-92,2016,1,26,8,16,46
F4:B8:5E:DC:A9:F8,-88,2016,1,26,8,16,46
74:DA:EA:A8:9D:0F,-87,2016,1,26,8,17,17
F4:B8:5E:C4:8F:EE,-93,2016,1,26,8,17,17
F4:B8:5E:C4:5F:BE,-95,2016,1,26,8,17,17
F4:B8:5E:C4:63:25,-79,2016,1,26,8,17,17
68:9E:19:11:A6:DB,-83,2016,1,26,8,17,17
F4:B8:5E:DC:A9:F8,-93,2016,1,26,8,17,17
F4:B8:5E:C4:63:25,-86,2016,1,26,8,17,48
F4:B8:5E:C4:8F:EE,-80,2016,1,26,8,17,48
F4:B8:5E:DC:A9:F8,-94,2016,1,26,8,17,48
68:9E:19:11:A6:DB,-86,2016,1,26,8,17,48
74:DA:EA:A8:9D:0F,-75,2016,1,26,8,21,49
F4:B8:5E:C4:8F:EE,-86,2016,1,26,8,21,49
F4:B8:5E:C4:5F:BE,-81,2016,1,26,8,21,49
F4:B8:5E:C4:63:25,-93,2016,1,26,8,21,49
68:9E:19:11:A6:DB,-90,2016,1,26,8,21,49
F4:B8:5E:DC:A9:F8,-95,2016,1,26,8,21,49
74:DA:EA:A8:9D:0F,-81,2016,1,26,8,22,19
F4:B8:5E:C4:8F:EE,-73,2016,1,26,8,22,19
F4:B8:5E:C4:5F:BE,-92,2016,1,26,8,22,19
F4:B8:5E:C4:63:25,-78,2016,1,26,8,22,19
68:9E:19:11:A6:DB,-90,2016,1,26,8,22,19
F4:B8:5E:DC:A9:F8,-73,2016,1,26,8,22,19
74:DA:EA:A8:9D:0F,-81,2016,1,26,8,22,50
F4:B8:5E:C4:8F:EE,-80,2016,1,26,8,22,50
F4:B8:5E:C4:5F:BE,-92,2016,1,26,8,22,50
F4:B8:5E:C4:63:25,-77,2016,1,26,8,22,50
68:9E:19:11:A6:DB,-89,2016,1,26,8,22,50
F4:B8:5E:DC:A9:F8,-76,2016,1,26,8,22,50
74:DA:EA:A8:9D:0F,-79,2016,1,26,8,23,20
F4:B8:5E:C4:8F:EE,-76,2016,1,26,8,23,20
F4:B8:5E:C4:5F:BE,-95,2016,1,26,8,23,20
F4:B8:5E:C4:63:25,-66,2016,1,26,8,23,20
68:9E:19:11:A6:DB,-79,2016,1,26,8,23,20
F4:B8:5E:DC:A9:F8,-74,2016,1,26,8,23,20
74:DA:EA:A8:9D:0F,-79,2016,1,26,8,23,51
F4:B8:5E:C4:8F:EE,-69,2016,1,26,8,23,51
F4:B8:5E:C4:5F:BE,-86,2016,1,26,8,23,51
F4:B8:5E:C4:63:25,-66,2016,1,26,8,23,51
68:9E:19:11:A6:DB,-73,2016,1,26,8,23,51
F4:B8:5E:DC:A9:F8,-72,2016,1,26,8,23,51
74:DA:EA:A8:9D:0F,-76,2016,1,26,8,24,21
F4:B8:5E:C4:8F:EE,-76,2016,1,26,8,24,21
F4:B8:5E:C4:5F:BE,-91,2016,1,26,8,24,21
F4:B8:5E:C4:63:25,-76,2016,1,26,8,24,21
68:9E:19:11:A6:DB,-78,2016,1,26,8,24,21
F4:B8:5E:DC:A9:F8,-69,2016,1,26,8,24,21
74:DA:EA:A8:9D:0F,-80,2016,1,26,8,24,52
F4:B8:5E:C4:8F:EE,-86,2016,1,26,8,24,52
F4:B8:5E:C4:5F:BE,-95,2016,1,26,8,24,52
F4:B8:5E:C4:63:25,-83,2016,1,26,8,24,52
68:9E:19:11:A6:DB,-92,2016,1,26,8,24,52
F4:B8:5E:DC:A9:F8,-79,2016,1,26,8,24,52
74:DA:EA:A8:9D:0F,-81,2016,1,26,8,25,23
F4:B8:5E:C4:8F:EE,-82,2016,1,26,8,25,23
F4:B8:5E:C4:5F:BE,-92,2016,1,26,8,25,23
F4:B8:5E:C4:63:25,-78,2016,1,26,8,25,23
68:9E:19:11:A6:DB,-80,2016,1,26,8,25,23
F4:B8:5E:DC:A9:F8,-77,2016,1,26,8,25,23
74:DA:EA:A8:9D:0F,-85,2016,1,26,8,25,53
F4:B8:5E:C4:8F:EE,-88,2016,1,26,8,25,53
F4:B8:5E:C4:5F:BE,-92,2016,1,26,8,25,53
F4:B8:5E:C4:63:25,-78,2016,1,26,8,25,53
68:9E:19:11:A6:DB,-86,2016,1,26,8,25,53
F4:B8:5E:DC:A9:F8,-84,2016,1,26,8,25,53
74:DA:EA:A8:9D:0F,-80,2016,1,26,8,26,24
F4:B8:5E:C4:8F:EE,-77,2016,1,26,8,26,24
F4:B8:5E:C4:5F:BE,-96,2016,1,26,8,26,24
F4:B8:5E:C4:63:25,-82,2016,1,26,8,26,24
68:9E:19:11:A6:DB,-79,2016,1,26,8,26,24
F4:B8:5E:DC:A9:F8,-80,2016,1,26,8,26,24
74:DA:EA:A8:9D:0F,-81,2016,1,26,8,26,55
F4:B8:5E:C4:8F:EE,-88,2016,1,26,8,26,55
F4:B8:5E:C4:5F:BE,-95,2016,1,26,8,26,55
F4:B8:5E:C4:63:25,-77,2016,1,26,8,26,55
68:9E:19:11:A6:DB,-81,2016,1,26,8,26,55
F4:B8:5E:DC:A9:F8,-79,2016,1,26,8,26,55
74:DA:EA:A8:9D:0F,-80,2016,1,26,8,27,26
F4:B8:5E:C4:8F:EE,-84,2016,1,26,8,27,26
F4:B8:5E:C4:5F:BE,-92,2016,1,26,8,27,26
F4:B8:5E:C4:63:25,-75,2016,1,26,8,27,26
68:9E:19:11:A6:DB,-82,2016,1,26,8,27,26
F4:B8:5E:DC:A9:F8,-87,2016,1,26,8,27,26
74:DA:EA:A8:9D:0F,-87,2016,1,26,8,27,56
F4:B8:5E:C4:8F:EE,-84,2016,1,26,8,27,56
F4:B8:5E:C4:5F:BE,-96,2016,1,26,8,27,56
F4:B8:5E:C4:63:25,-82,2016,1,26,8,27,56
68:9E:19:11:A6:DB,-79,2016,1,26,8,27,56
F4:B8:5E:DC:A9:F8,-87,2016,1,26,8,27,56
74:DA:EA:A8:9D:0F,-86,2016,1,26,8,28,27
F4:B8:5E:C4:8F:EE,-88,2016,1,26,8,28,27
F4:B8:5E:C4:5F:BE,-94,2016,1,26,8,28,27
F4:B8:5E:C4:63:25,-82,2016,1,26,8,28,27
68:9E:19:11:A6:DB,-85,2016,1,26,8,28,27
F4:B8:5E:DC:A9:F8,-79,2016,1,26,8,28,27
74:DA:EA:A8:9D:0F,-81,2016,1,26,8,28,57
F4:B8:5E:C4:8F:EE,-89,2016,1,26,8,28,57
F4:B8:5E:C4:5F:BE,-81,2016,1,26,8,28,57
F4:B8:5E:C4:63:25,-76,2016,1,26,8,28,57
68:9E:19:11:A6:DB,-82,2016,1,26,8,28,57
F4:B8:5E:DC:A9:F8,-81,2016,1,26,8,28,57
74:DA:EA:A8:9D:0F,-86,2016,1,26,8,29,27
F4:B8:5E:C4:8F:EE,-81,2016,1,26,8,29,27
F4:B8:5E:C4:5F:BE,-94,2016,1,26,8,29,27
F4:B8:5E:C4:63:25,-82,2016,1,26,8,29,27
68:9E:19:11:A6:DB,-81,2016,1,26,8,29,27
F4:B8:5E:DC:A9:F8,-86,2016,1,26,8,29,27
74:DA:EA:A8:9D:0F,-77,2016,1,26,8,29,58
F4:B8:5E:C4:8F:EE,-75,2016,1,26,8,29,58
F4:B8:5E:C4:5F:BE,-82,2016,1,26,8,29,58
F4:B8:5E:C4:63:25,-74,2016,1,26,8,29,58
68:9E:19:11:A6:DB,-71,2016,1,26,8,29,58
F4:B8:5E:DC:A9:F8,-79,2016,1,26,8,29,58
74:DA:EA:A8:9D:0F,-79,2016,1,26,8,30,28
F4:B8:5E:C4:8F:EE,-77,2016,1,26,8,30,28
F4:B8:5E:C4:5F:BE,-89,2016,1,26,8,30,28
F4:B8:5E:C4:63:25,-66,2016,1,26,8,30,28
68:9E:19:11:A6:DB,-78,2016,1,26,8,30,28
F4:B8:5E:DC:A9:F8,-89,2016,1,26,8,30,28
74:DA:EA:A8:9D:0F,-83,2016,1,26,8,31,0
F4:B8:5E:C4:8F:EE,-89,2016,1,26,8,31,0
F4:B8:5E:C4:5F:BE,-85,2016,1,26,8,31,0
F4:B8:5E:C4:63:25,-79,2016,1,26,8,31,0
68:9E:19:11:A6:DB,-71,2016,1,26,8,31,0
F4:B8:5E:DC:A9:F8,-74,2016,1,26,8,31,0
74:DA:EA:A8:9D:0F,-87,2016,1,26,8,31,31
F4:B8:5E:C4:8F:EE,-78,2016,1,26,8,31,31
F4:B8:5E:C4:5F:BE,-83,2016,1,26,8,31,31
F4:B8:5E:C4:63:25,-82,2016,1,26,8,31,31
68:9E:19:11:A6:DB,-81,2016,1,26,8,31,31
F4:B8:5E:DC:A9:F8,-83,2016,1,26,8,31,31
74:DA:EA:A8:9D:0F,-82,2016,1,26,8,32,2
F4:B8:5E:C4:8F:EE,-76,2016,1,26,8,32,2
F4:B8:5E:C4:5F:BE,-89,2016,1,26,8,32,2
F4:B8:5E:C4:63:25,-82,2016,1,26,8,32,2
68:9E:19:11:A6:DB,-81,2016,1,26,8,32,2
F4:B8:5E:DC:A9:F8,-79,2016,1,26,8,32,2
74:DA:EA:A8:9D:0F,-89,2016,1,26,8,32,33
F4:B8:5E:C4:8F:EE,-77,2016,1,26,8,32,33
F4:B8:5E:C4:5F:BE,-83,2016,1,26,8,32,33
F4:B8:5E:C4:63:25,-79,2016,1,26,8,32,33
68:9E:19:11:A6:DB,-89,2016,1,26,8,32,33
F4:B8:5E:DC:A9:F8,-84,2016,1,26,8,32,33
74:DA:EA:A8:9D:0F,-85,2016,1,26,8,33,3
F4:B8:5E:C4:8F:EE,-80,2016,1,26,8,33,3
F4:B8:5E:C4:5F:BE,-91,2016,1,26,8,33,3
F4:B8:5E:C4:63:25,-76,2016,1,26,8,33,3
68:9E:19:11:A6:DB,-88,2016,1,26,8,33,3
F4:B8:5E:DC:A9:F8,-84,2016,1,26,8,33,3
74:DA:EA:A8:9D:0F,-85,2016,1,26,8,33,34
F4:B8:5E:C4:8F:EE,-81,2016,1,26,8,33,34
F4:B8:5E:C4:5F:BE,-79,2016,1,26,8,33,34
F4:B8:5E:C4:63:25,-79,2016,1,26,8,33,34
68:9E:19:11:A6:DB,-78,2016,1,26,8,33,34
F4:B8:5E:DC:A9:F8,-83,2016,1,26,8,33,34
74:DA:EA:A8:9D:0F,-86,2016,1,26,8,34,5
F4:B8:5E:C4:8F:EE,-84,2016,1,26,8,34,5
F4:B8:5E:C4:5F:BE,-83,2016,1,26,8,34,5
F4:B8:5E:C4:63:25,-80,2016,1,26,8,34,5
68:9E:19:11:A6:DB,-75,2016,1,26,8,34,5
F4:B8:5E:DC:A9:F8,-93,2016,1,26,8,34,5
74:DA:EA:A8:9D:0F,-85,2016,1,26,8,34,35
F4:B8:5E:C4:8F:EE,-83,2016,1,26,8,34,35
F4:B8:5E:C4:5F:BE,-78,2016,1,26,8,34,35
F4:B8:5E:C4:63:25,-75,2016,1,26,8,34,35
68:9E:19:11:A6:DB,-71,2016,1,26,8,34,35
F4:B8:5E:DC:A9:F8,-94,2016,1,26,8,34,35
74:DA:EA:A8:9D:0F,-89,2016,1,26,8,35,5
F4:B8:5E:C4:8F:EE,-88,2016,1,26,8,35,5
F4:B8:5E:C4:5F:BE,-83,2016,1,26,8,35,5
F4:B8:5E:C4:63:25,-94,2016,1,26,8,35,5
68:9E:19:11:A6:DB,-89,2016,1,26,8,35,5
F4:B8:5E:DC:A9:F8,-89,2016,1,26,8,35,5
74:DA:EA:A8:9D:0F,-68,2016,1,26,8,35,35
F4:B8:5E:C4:8F:EE,-68,2016,1,26,8,35,35
F4:B8:5E:C4:5F:BE,-84,2016,1,26,8,35,35
F4:B8:5E:C4:63:25,-77,2016,1,26,8,35,35
68:9E:19:11:A6:DB,-71,2016,1,26,8,35,35
F4:B8:5E:DC:A9:F8,-77,2016,1,26,8,35,35
74:DA:EA:A8:9D:0F,-68,2016,1,26,8,36,6
F4:B8:5E:C4:8F:EE,-69,2016,1,26,8,36,6
F4:B8:5E:C4:5F:BE,-85,2016,1,26,8,36,6
F4:B8:5E:C4:63:25,-68,2016,1,26,8,36,6
68:9E:19:11:A6:DB,-68,2016,1,26,8,36,6
F4:B8:5E:DC:A9:F8,-68,2016,1,26,8,36,6
74:DA:EA:A8:9D:0F,-93,2016,1,26,8,36,37
F4:B8:5E:C4:8F:EE,-88,2016,1,26,8,36,37
F4:B8:5E:C4:5F:BE,-79,2016,1,26,8,36,37
F4:B8:5E:C4:63:25,-94,2016,1,26,8,36,37
68:9E:19:11:A6:DB,-92,2016,1,26,8,36,37
F4:B8:5E:DC:A9:F8,-78,2016,1,26,8,36,37
74:DA:EA:A8:9D:0F,-90,2016,1,26,8,37,8
F4:B8:5E:C4:8F:EE,-83,2016,1,26,8,37,8
F4:B8:5E:C4:5F:BE,-82,2016,1,26,8,37,8
F4:B8:5E:C4:63:25,-86,2016,1,26,8,37,8
68:9E:19:11:A6:DB,-94,2016,1,26,8,37,8
F4:B8:5E:DC:A9:F8,-83,2016,1,26,8,37,8
74:DA:EA:A8:9D:0F,-97,2016,1,26,8,37,39
F4:B8:5E:C4:8F:EE,-87,2016,1,26,8,37,39
F4:B8:5E:C4:5F:BE,-84,2016,1,26,8,37,39
F4:B8:5E:C4:63:25,-89,2016,1,26,8,37,39
68:9E:19:11:A6:DB,-98,2016,1,26,8,37,39
F4:B8:5E:DC:A9:F8,-87,2016,1,26,8,37,39
74:DA:EA:A8:9D:0F,-94,2016,1,26,8,38,10
F4:B8:5E:C4:8F:EE,-93,2016,1,26,8,38,10
F4:B8:5E:C4:5F:BE,-83,2016,1,26,8,38,10
F4:B8:5E:C4:63:25,-95,2016,1,26,8,38,10
68:9E:19:11:A6:DB,-93,2016,1,26,8,38,10
F4:B8:5E:DC:A9:F8,-93,2016,1,26,8,38,10
74:DA:EA:A8:9D:0F,-88,2016,1,26,8,38,40
F4:B8:5E:C4:8F:EE,-96,2016,1,26,8,38,40
F4:B8:5E:C4:5F:BE,-82,2016,1,26,8,38,40
F4:B8:5E:C4:63:25,-83,2016,1,26,8,38,40
68:9E:19:11:A6:DB,-80,2016,1,26,8,38,40
F4:B8:5E:DC:A9:F8,-83,2016,1,26,8,38,40
74:DA:EA:A8:9D:0F,-72,2016,1,26,8,39,10
F4:B8:5E:C4:8F:EE,-92,2016,1,26,8,39,10
F4:B8:5E:C4:5F:BE,-84,2016,1,26,8,39,10
F4:B8:5E:C4:63:25,-85,2016,1,26,8,39,10
68:9E:19:11:A6:DB,-88,2016,1,26,8,39,10
F4:B8:5E:DC:A9:F8,-68,2016,1,26,8,39,10
74:DA:EA:A8:9D:0F,-93,2016,1,26,8,39,40
F4:B8:5E:C4:8F:EE,-87,2016,1,26,8,39,40
F4:B8:5E:C4:5F:BE,-79,2016,1,26,8,39,40
F4:B8:5E:C4:63:25,-87,2016,1,26,8,39,40
68:9E:19:11:A6:DB,-92,2016,1,26,8,39,40
F4:B8:5E:DC:A9:F8,-91,2016,1,26,8,39,40
74:DA:EA:A8:9D:0F,-91,2016,1,26,8,40,10
F4:B8:5E:C4:8F:EE,-84,2016,1,26,8,40,10
F4:B8:5E:C4:5F:BE,-93,2016,1,26,8,40,10
F4:B8:5E:C4:63:25,-77,2016,1,26,8,40,10
68:9E:19:11:A6:DB,-94,2016,1,26,8,40,10
F4:B8:5E:DC:A9:F8,-90,2016,1,26,8,40,10
74:DA:EA:A8:9D:0F,-87,2016,1,26,8,40,40
F4:B8:5E:C4:8F:EE,-82,2016,1,26,8,40,40
F4:B8:5E:C4:5F:BE,-95,2016,1,26,8,40,40
F4:B8:5E:C4:63:25,-89,2016,1,26,8,40,40
68:9E:19:11:A6:DB,-85,2016,1,26,8,40,40
F4:B8:5E:DC:A9:F8,-85,2016,1,26,8,40,40
74:DA:EA:A8:9D:0F,-96,2016,1,26,8,41,10
F4:B8:5E:C4:8F:EE,-97,2016,1,26,8,41,10
F4:B8:5E:C4:5F:BE,-92,2016,1,26,8,41,10
F4:B8:5E:C4:63:25,-85,2016,1,26,8,41,10
68:9E:19:11:A6:DB,-98,2016,1,26,8,41,10
F4:B8:5E:DC:A9:F8,-84,2016,1,26,8,41,10
74:DA:EA:A8:9D:0F,-93,2016,1,26,8,41,41
F4:B8:5E:C4:8F:EE,-88,2016,1,26,8,41,41
F4:B8:5E:C4:5F:BE,-93,2016,1,26,8,41,41
F4:B8:5E:C4:63:25,-88,2016,1,26,8,41,41
68:9E:19:11:A6:DB,-100,2016,1,26,8,41,41
F4:B8:5E:DC:A9:F8,-90,2016,1,26,8,41,41
74:DA:EA:A8:9D:0F,-92,2016,1,26,8,42,12
F4:B8:5E:C4:8F:EE,-95,2016,1,26,8,42,12
F4:B8:5E:C4:5F:BE,-89,2016,1,26,8,42,12
F4:B8:5E:C4:63:25,-81,2016,1,26,8,42,12
68:9E:19:11:A6:DB,-82,2016,1,26,8,42,12
F4:B8:5E:DC:A9:F8,-86,2016,1,26,8,42,12
74:DA:EA:A8:9D:0F,-93,2016,1,26,8,42,43
F4:B8:5E:C4:8F:EE,-83,2016,1,26,8,42,43
F4:B8:5E:C4:5F:BE,-81,2016,1,26,8,42,43
F4:B8:5E:C4:63:25,-88,2016,1,26,8,42,43
68:9E:19:11:A6:DB,-93,2016,1,26,8,42,43
F4:B8:5E:DC:A9:F8,-78,2016,1,26,8,42,43
74:DA:EA:A8:9D:0F,-89,2016,1,26,8,43,14
F4:B8:5E:C4:8F:EE,-90,2016,1,26,8,43,14
F4:B8:5E:C4:5F:BE,-88,2016,1,26,8,43,14
F4:B8:5E:C4:63:25,-90,2016,1,26,8,43,14
68:9E:19:11:A6:DB,-98,2016,1,26,8,43,14
F4:B8:5E:DC:A9:F8,-89,2016,1,26,8,43,14
74:DA:EA:A8:9D:0F,-91,2016,1,26,8,43,45
F4:B8:5E:C4:8F:EE,-82,2016,1,26,8,43,45
F4:B8:5E:C4:5F:BE,-88,2016,1,26,8,43,45
F4:B8:5E:C4:63:25,-78,2016,1,26,8,43,45
68:9E:19:11:A6:DB,-82,2016,1,26,8,43,45
F4:B8:5E:DC:A9:F8,-87,2016,1,26,8,43,45
74:DA:EA:A8:9D:0F,-94,2016,1,26,8,44,16
F4:B8:5E:C4:8F:EE,-85,2016,1,26,8,44,16
F4:B8:5E:C4:5F:BE,-89,2016,1,26,8,44,16
F4:B8:5E:C4:63:25,-87,2016,1,26,8,44,16
68:9E:19:11:A6:DB,-88,2016,1,26,8,44,16
F4:B8:5E:DC:A9:F8,-80,2016,1,26,8,44,16
74:DA:EA:A8:9D:0F,-92,2016,1,26,8,44,46
F4:B8:5E:C4:8F:EE,-86,2016,1,26,8,44,46
F4:B8:5E:C4:5F:BE,-74,2016,1,26,8,44,46
F4:B8:5E:C4:63:25,-91,2016,1,26,8,44,46
68:9E:19:11:A6:DB,-88,2016,1,26,8,44,46
F4:B8:5E:DC:A9:F8,-83,2016,1,26,8,44,46
74:DA:EA:A8:9D:0F,-90,2016,1,26,8,45,16
F4:B8:5E:C4:8F:EE,-90,2016,1,26,8,45,16
F4:B8:5E:C4:5F:BE,-80,2016,1,26,8,45,16
F4:B8:5E:C4:63:25,-87,2016,1,26,8,45,16
68:9E:19:11:A6:DB,-86,2016,1,26,8,45,16
F4:B8:5E:DC:A9:F8,-82,2016,1,26,8,45,16
74:DA:EA:A8:9D:0F,-80,2016,1,26,8,45,46
F4:B8:5E:C4:8F:EE,-76,2016,1,26,8,45,46
F4:B8:5E:C4:5F:BE,-85,2016,1,26,8,45,46
F4:B8:5E:C4:63:25,-87,2016,1,26,8,45,46
68:9E:19:11:A6:DB,-83,2016,1,26,8,45,46
F4:B8:5E:DC:A9:F8,-78,2016,1,26,8,45,46
74:DA:EA:A8:9D:0F,-81,2016,1,26,8,46,16
F4:B8:5E:C4:8F:EE,-73,2016,1,26,8,46,16
F4:B8:5E:C4:5F:BE,-86,2016,1,26,8,46,16
F4:B8:5E:C4:63:25,-82,2016,1,26,8,46,16
68:9E:19:11:A6:DB,-86,2016,1,26,8,46,16
F4:B8:5E:DC:A9:F8,-73,2016,1,26,8,46,16
74:DA:EA:A8:9D:0F,-68,2016,1,26,8,46,46
F4:B8:5E:C4:8F:EE,-73,2016,1,26,8,46,46
F4:B8:5E:C4:5F:BE,-94,2016,1,26,8,46,46
F4:B8:5E:C4:63:25,-68,2016,1,26,8,46,46
68:9E:19:11:A6:DB,-68,2016,1,26,8,46,46
F4:B8:5E:DC:A9:F8,-68,2016,1,26,8,46,46
74:DA:EA:A8:9D:0F,-68,2016,1,26,8,47,17
F4:B8:5E:C4:8F:EE,-68,2016,1,26,8,47,17
F4:B8:5E:C4:5F:BE,-91,2016,1,26,8,47,17
F4:B8:5E:C4:63:25,-68,2016,1,26,8,47,17
68:9E:19:11:A6:DB,-65,2016,1,26,8,47,17
F4:B8:5E:DC:A9:F8,-68,2016,1,26,8,47,17
74:DA:EA:A8:9D:0F,-65,2016,1,26,8,47,48
F4:B8:5E:C4:8F:EE,-70,2016,1,26,8,47,48
F4:B8:5E:C4:5F:BE,-87,2016,1,26,8,47,48
F4:B8:5E:C4:63:25,-68,2016,1,26,8,47,48
68:9E:19:11:A6:DB,-70,2016,1,26,8,47,48
F4:B8:5E:DC:A9:F8,-68,2016,1,26,8,47,48
F4:B8:5E:C4:63:25,-68,2016,1,26,8,48,19
74:DA:EA:A8:9D:0F,-73,2016,1,26,8,48,19
F4:B8:5E:C4:8F:EE,-77,2016,1,26,8,48,19
68:9E:19:11:A6:DB,-73,2016,1,26,8,48,19
F4:B8:5E:DC:A9:F8,-79,2016,1,26,8,48,19
F4:B8:5E:C4:8F:EE,-92,2016,1,26,8,48,49
74:DA:EA:A8:9D:0F,-69,2016,1,26,8,48,49
F4:B8:5E:C4:63:25,-68,2016,1,26,8,48,49
68:9E:19:11:A6:DB,-77,2016,1,26,8,48,49
F4:B8:5E:DC:A9:F8,-71,2016,1,26,8,48,49
F4:B8:5E:C4:63:25,-63,2016,1,26,8,49,20
74:DA:EA:A8:9D:0F,-68,2016,1,26,8,49,20
F4:B8:5E:C4:8F:EE,-75,2016,1,26,8,49,20
F4:B8:5E:DC:A9:F8,-78,2016,1,26,8,49,20
68:9E:19:11:A6:DB,-66,2016,1,26,8,49,20
F4:B8:5E:C4:63:25,-68,2016,1,26,8,49,51
74:DA:EA:A8:9D:0F,-68,2016,1,26,8,49,51
F4:B8:5E:C4:8F:EE,-68,2016,1,26,8,49,51
68:9E:19:11:A6:DB,-69,2016,1,26,8,49,51
F4:B8:5E:DC:A9:F8,-85,2016,1,26,8,49,51
F4:B8:5E:C4:63:25,-77,2016,1,26,8,50,22
74:DA:EA:A8:9D:0F,-69,2016,1,26,8,50,22
F4:B8:5E:C4:8F:EE,-69,2016,1,26,8,50,22
68:9E:19:11:A6:DB,-73,2016,1,26,8,50,22
F4:B8:5E:DC:A9:F8,-73,2016,1,26,8,50,22
F4:B8:5E:C4:8F:EE,-77,2016,1,26,8,50,52
74:DA:EA:A8:9D:0F,-69,2016,1,26,8,50,52
F4:B8:5E:C4:63:25,-68,2016,1,26,8,50,52
68:9E:19:11:A6:DB,-78,2016,1,26,8,50,52
F4:B8:5E:DC:A9:F8,-67,2016,1,26,8,50,52
F4:B8:5E:C4:8F:EE,-74,2016,1,26,8,51,22
74:DA:EA:A8:9D:0F,-68,2016,1,26,8,51,22
F4:B8:5E:C4:63:25,-74,2016,1,26,8,51,22
68:9E:19:11:A6:DB,-67,2016,1,26,8,51,22
F4:B8:5E:DC:A9:F8,-68,2016,1,26,8,51,22
F4:B8:5E:C4:63:25,-72,2016,1,26,8,51,52
74:DA:EA:A8:9D:0F,-75,2016,1,26,8,51,52
F4:B8:5E:C4:8F:EE,-68,2016,1,26,8,51,52
F4:B8:5E:DC:A9:F8,-72,2016,1,26,8,51,52
68:9E:19:11:A6:DB,-70,2016,1,26,8,51,52
F4:B8:5E:C4:63:25,-68,2016,1,26,8,52,23
74:DA:EA:A8:9D:0F,-77,2016,1,26,8,52,23
F4:B8:5E:C4:8F:EE,-81,2016,1,26,8,52,23
F4:B8:5E:DC:A9:F8,-73,2016,1,26,8,52,23
68:9E:19:11:A6:DB,-72,2016,1,26,8,52,23
F4:B8:5E:C4:8F:EE,-74,2016,1,26,8,52,54
74:DA:EA:A8:9D:0F,-63,2016,1,26,8,52,54
F4:B8:5E:C4:63:25,-73,2016,1,26,8,52,54
68:9E:19:11:A6:DB,-73,2016,1,26,8,52,54
F4:B8:5E:DC:A9:F8,-80,2016,1,26,8,52,54
F4:B8:5E:C4:63:25,-75,2016,1,26,8,53,25
74:DA:EA:A8:9D:0F,-65,2016,1,26,8,53,25
F4:B8:5E:C4:8F:EE,-84,2016,1,26,8,53,25
F4:B8:5E:DC:A9:F8,-77,2016,1,26,8,53,25
68:9E:19:11:A6:DB,-76,2016,1,26,8,53,25
F4:B8:5E:C4:8F:EE,-84,2016,1,26,8,53,56
74:DA:EA:A8:9D:0F,-73,2016,1,26,8,53,56
F4:B8:5E:C4:63:25,-68,2016,1,26,8,53,56
F4:B8:5E:DC:A9:F8,-72,2016,1,26,8,53,56
68:9E:19:11:A6:DB,-73,2016,1,26,8,53,56
F4:B8:5E:C4:63:25,-68,2016,1,26,8,54,27
74:DA:EA:A8:9D:0F,-72,2016,1,26,8,54,27
F4:B8:5E:C4:8F:EE,-86,2016,1,26,8,54,27
F4:B8:5E:DC:A9:F8,-78,2016,1,26,8,54,27
68:9E:19:11:A6:DB,-76,2016,1,26,8,54,27
F4:B8:5E:C4:8F:EE,-87,2016,1,26,8,54,57
74:DA:EA:A8:9D:0F,-72,2016,1,26,8,54,57
F4:B8:5E:C4:63:25,-73,2016,1,26,8,54,57
68:9E:19:11:A6:DB,-69,2016,1,26,8,54,57
F4:B8:5E:DC:A9:F8,-74,2016,1,26,8,54,57
F4:B8:5E:C4:8F:EE,-81,2016,1,26,8,55,27
74:DA:EA:A8:9D:0F,-82,2016,1,26,8,55,27
F4:B8:5E:C4:63:25,-68,2016,1,26,8,55,27
F4:B8:5E:DC:A9:F8,-76,2016,1,26,8,55,27
68:9E:19:11:A6:DB,-68,2016,1,26,8,55,27
F4:B8:5E:C4:8F:EE,-76,2016,1,26,8,55,57
74:DA:EA:A8:9D:0F,-78,2016,1,26,8,55,57
F4:B8:5E:C4:63:25,-78,2016,1,26,8,55,57
68:9E:19:11:A6:DB,-68,2016,1,26,8,55,57
F4:B8:5E:DC:A9:F8,-73,2016,1,26,8,55,57
F4:B8:5E:C4:63:25,-72,2016,1,26,8,56,28
74:DA:EA:A8:9D:0F,-84,2016,1,26,8,56,28
F4:B8:5E:C4:8F:EE,-76,2016,1,26,8,56,28
68:9E:19:11:A6:DB,-78,2016,1,26,8,56,28
F4:B8:5E:DC:A9:F8,-77,2016,1,26,8,56,28
F4:B8:5E:C4:8F:EE,-85,2016,1,26,8,56,58
74:DA:EA:A8:9D:0F,-86,2016,1,26,8,56,58
F4:B8:5E:C4:63:25,-90,2016,1,26,8,56,58
F4:B8:5E:DC:A9:F8,-90,2016,1,26,8,56,58
68:9E:19:11:A6:DB,-87,2016,1,26,8,56,58
F4:B8:5E:C4:8F:EE,-88,2016,1,26,8,57,29
74:DA:EA:A8:9D:0F,-95,2016,1,26,8,57,29
F4:B8:5E:C4:63:25,-93,2016,1,26,8,57,29
F4:B8:5E:DC:A9:F8,-87,2016,1,26,8,57,29
68:9E:19:11:A6:DB,-93,2016,1,26,8,57,29
F4:B8:5E:C4:63:25,-91,2016,1,26,8,58,0
74:DA:EA:A8:9D:0F,-90,2016,1,26,8,58,0
F4:B8:5E:C4:8F:EE,-97,2016,1,26,8,58,0
F4:B8:5E:DC:A9:F8,-85,2016,1,26,8,58,0
68:9E:19:11:A6:DB,-95,2016,1,26,8,58,0
F4:B8:5E:C4:63:25,-87,2016,1,26,8,58,31
74:DA:EA:A8:9D:0F,-84,2016,1,26,8,58,31
F4:B8:5E:C4:8F:EE,-84,2016,1,26,8,58,31
68:9E:19:11:A6:DB,-87,2016,1,26,8,58,31
F4:B8:5E:DC:A9:F8,-78,2016,1,26,8,58,31
F4:B8:5E:C4:8F:EE,-100,2016,1,26,8,59,1
74:DA:EA:A8:9D:0F,-90,2016,1,26,8,59,1
F4:B8:5E:C4:63:25,-96,2016,1,26,8,59,1
F4:B8:5E:DC:A9:F8,-95,2016,1,26,8,59,1
68:9E:19:11:A6:DB,-92,2016,1,26,8,59,1
F4:B8:5E:C4:8F:EE,-89,2016,1,26,8,59,32
74:DA:EA:A8:9D:0F,-93,2016,1,26,8,59,32
F4:B8:5E:C4:63:25,-97,2016,1,26,8,59,32
F4:B8:5E:DC:A9:F8,-97,2016,1,26,8,59,32
68:9E:19:11:A6:DB,-94,2016,1,26,8,59,32
F4:B8:5E:C4:8F:EE,-96,2016,1,26,9,0,2
74:DA:EA:A8:9D:0F,-88,2016,1,26,9,0,2
F4:B8:5E:C4:63:25,-87,2016,1,26,9,0,2
68:9E:19:11:A6:DB,-90,2016,1,26,9,0,2
F4:B8:5E:DC:A9:F8,-86,2016,1,26,9,0,2
F4:B8:5E:C4:63:25,-90,2016,1,26,9,7,34
74:DA:EA:A8:9D:0F,-92,2016,1,26,9,7,34
F4:B8:5E:C4:8F:EE,-97,2016,1,26,9,7,34
F4:B8:5E:DC:A9:F8,-87,2016,1,26,9,7,34
68:9E:19:11:A6:DB,-90,2016,1,26,9,7,34
F4:B8:5E:C4:63:25,-95,2016,1,26,9,8,4
74:DA:EA:A8:9D:0F,-94,2016,1,26,9,8,4
F4:B8:5E:C4:8F:EE,-89,2016,1,26,9,8,4
68:9E:19:11:A6:DB,-93,2016,1,26,9,8,4
F4:B8:5E:DC:A9:F8,-87,2016,1,26,9,8,4
68:9E:19:11:A6:DB,-92,2016,1,26,9,8,36
68:9E:19:11:A6:DB,-97,2016,1,26,9,9,6
68:9E:19:11:A6:DB,-89,2016,1,26,9,9,37
68:9E:19:11:A6:DB,-96,2016,1,26,9,10,8
F4:B8:5E:C4:8F:EE,-96,2016,1,26,9,37,43
74:DA:EA:A8:9D:0F,-97,2016,1,26,9,37,43
F4:B8:5E:C4:63:25,-89,2016,1,26,9,37,43
F4:B8:5E:DC:A9:F8,-90,2016,1,26,9,37,43
74:DA:EA:A8:9D:0F,-90,2016,1,26,9,38,13
F4:B8:5E:C4:63:25,-94,2016,1,26,9,38,13
F4:B8:5E:DC:A9:F8,-98,2016,1,26,9,38,13
74:DA:EA:A8:9D:0F,-92,2016,1,26,9,38,44
F4:B8:5E:C4:63:25,-98,2016,1,26,9,38,44
F4:B8:5E:DC:A9:F8,-86,2016,1,26,9,38,44
F4:B8:5E:C4:8F:EE,-97,2016,1,26,9,39,14
74:DA:EA:A8:9D:0F,-93,2016,1,26,9,39,14
F4:B8:5E:C4:63:25,-95,2016,1,26,9,39,14
F4:B8:5E:DC:A9:F8,-90,2016,1,26,9,39,14
74:DA:EA:A8:9D:0F,-91,2016,1,26,9,39,45
F4:B8:5E:C4:63:25,-92,2016,1,26,9,39,45
F4:B8:5E:DC:A9:F8,-85,2016,1,26,9,39,45
F4:B8:5E:C4:8F:EE,-90,2016,1,26,9,40,16
74:DA:EA:A8:9D:0F,-93,2016,1,26,9,40,16
F4:B8:5E:C4:63:25,-93,2016,1,26,9,40,16
F4:B8:5E:DC:A9:F8,-96,2016,1,26,9,40,16
F4:B8:5E:C4:8F:EE,-96,2016,1,26,9,40,46
F4:B8:5E:C4:63:25,-89,2016,1,26,9,40,46
F4:B8:5E:DC:A9:F8,-91,2016,1,26,9,40,46
F4:B8:5E:C4:8F:EE,-92,2016,1,26,9,41,17
74:DA:EA:A8:9D:0F,-91,2016,1,26,9,41,17
F4:B8:5E:C4:63:25,-88,2016,1,26,9,41,17
F4:B8:5E:C4:8F:EE,-88,2016,1,26,9,41,47
F4:B8:5E:C4:63:25,-95,2016,1,26,9,41,47
F4:B8:5E:DC:A9:F8,-88,2016,1,26,9,41,47
F4:B8:5E:C4:63:25,-97,2016,1,26,9,42,18
F4:B8:5E:C4:8F:EE,-91,2016,1,26,9,42,18
F4:B8:5E:DC:A9:F8,-88,2016,1,26,9,42,18
F4:B8:5E:C4:63:25,-96,2016,1,26,9,42,48
F4:B8:5E:C4:8F:EE,-97,2016,1,26,9,42,48
F4:B8:5E:DC:A9:F8,-88,2016,1,26,9,42,48
F4:B8:5E:C4:8F:EE,-92,2016,1,26,9,43,18
F4:B8:5E:C4:63:25,-95,2016,1,26,9,43,18
F4:B8:5E:DC:A9:F8,-91,2016,1,26,9,43,18
F4:B8:5E:C4:8F:EE,-95,2016,1,26,9,43,49
F4:B8:5E:C4:63:25,-93,2016,1,26,9,43,49
F4:B8:5E:DC:A9:F8,-96,2016,1,26,9,43,49
F4:B8:5E:C4:8F:EE,-99,2016,1,26,9,45,20
F4:B8:5E:C4:8F:EE,-94,2016,1,26,9,45,50
F4:B8:5E:C4:8F:EE,-94,2016,1,26,9,46,21
F4:B8:5E:C4:8F:EE,-87,2016,1,26,9,46,51
F4:B8:5E:C4:8F:EE,-90,2016,1,26,9,47,21
F4:B8:5E:C4:8F:EE,-84,2016,1,26,9,47,51
F4:B8:5E:C4:8F:EE,-87,2016,1,26,9,48,22
F4:B8:5E:C4:8F:EE,-93,2016,1,26,9,48,53
F4:B8:5E:C4:8F:EE,-92,2016,1,26,9,49,24
F4:B8:5E:C4:8F:EE,-94,2016,1,26,9,50,25
F4:B8:5E:C4:8F:EE,-94,2016,1,26,9,50,56
F4:B8:5E:C4:8F:EE,-93,2016,1,26,9,51,26
F4:B8:5E:C4:8F:EE,-99,2016,1,26,9,52,27
F4:B8:5E:C4:8F:EE,-99,2016,1,26,9,52,57
F4:B8:5E:C4:8F:EE,-86,2016,1,26,9,53,28
F4:B8:5E:C4:8F:EE,-90,2016,1,26,9,53,59
F4:B8:5E:C4:8F:EE,-89,2016,1,26,9,54,29
F4:B8:5E:C4:8F:EE,-87,2016,1,26,9,55,0
F4:B8:5E:C4:8F:EE,-88,2016,1,26,9,55,31
F4:B8:5E:C4:8F:EE,-94,2016,1,26,9,56,2
F4:B8:5E:C4:8F:EE,-87,2016,1,26,9,56,33
F4:B8:5E:C4:8F:EE,-92,2016,1,26,9,57,3
F4:B8:5E:C4:8F:EE,-91,2016,1,26,9,57,33
F4:B8:5E:C4:8F:EE,-88,2016,1,26,9,58,3
F4:B8:5E:C4:8F:EE,-85,2016,1,26,9,58,34
F4:B8:5E:C4:8F:EE,-90,2016,1,26,9,59,5
F4:B8:5E:C4:8F:EE,-94,2016,1,26,9,59,35
F4:B8:5E:C4:8F:EE,-88,2016,1,26,10,0,6
F4:B8:5E:C4:8F:EE,-92,2016,1,26,10,0,37
F4:B8:5E:C4:8F:EE,-92,2016,1,26,10,1,8
F4:B8:5E:C4:8F:EE,-87,2016,1,26,10,1,38
F4:B8:5E:C4:8F:EE,-96,2016,1,26,10,2,9
F4:B8:5E:C4:63:25,-89,2016,1,26,10,2,39
74:DA:EA:A8:9D:0F,-90,2016,1,26,10,2,39
F4:B8:5E:C4:8F:EE,-83,2016,1,26,10,2,39
F4:B8:5E:DC:A9:F8,-82,2016,1,26,10,2,39
74:DA:EA:A8:9D:0F,-92,2016,1,26,10,3,9
F4:B8:5E:C4:63:25,-96,2016,1,26,10,3,9
F4:B8:5E:DC:A9:F8,-93,2016,1,26,10,3,9
74:DA:EA:A8:9D:0F,-93,2016,1,26,10,3,40
F4:B8:5E:C4:63:25,-93,2016,1,26,10,3,40
F4:B8:5E:DC:A9:F8,-90,2016,1,26,10,3,40
74:DA:EA:A8:9D:0F,-91,2016,1,26,10,4,11
F4:B8:5E:C4:63:25,-92,2016,1,26,10,4,11
F4:B8:5E:DC:A9:F8,-96,2016,1,26,10,4,11
74:DA:EA:A8:9D:0F,-97,2016,1,26,10,4,42
F4:B8:5E:C4:63:25,-88,2016,1,26,10,4,42
F4:B8:5E:DC:A9:F8,-98,2016,1,26,10,4,42
74:DA:EA:A8:9D:0F,-94,2016,1,26,10,5,13
F4:B8:5E:C4:63:25,-90,2016,1,26,10,5,13
F4:B8:5E:DC:A9:F8,-86,2016,1,26,10,5,13
F4:B8:5E:C4:63:25,-95,2016,1,26,10,5,44
F4:B8:5E:DC:A9:F8,-98,2016,1,26,10,5,44
74:DA:EA:A8:9D:0F,-99,2016,1,26,10,6,15
F4:B8:5E:C4:63:25,-95,2016,1,26,10,6,15
F4:B8:5E:DC:A9:F8,-88,2016,1,26,10,6,15
74:DA:EA:A8:9D:0F,-98,2016,1,26,10,6,46
F4:B8:5E:C4:63:25,-91,2016,1,26,10,6,46
F4:B8:5E:DC:A9:F8,-88,2016,1,26,10,6,46
74:DA:EA:A8:9D:0F,-89,2016,1,26,10,7,16
F4:B8:5E:C4:63:25,-92,2016,1,26,10,7,16
F4:B8:5E:DC:A9:F8,-77,2016,1,26,10,7,16
F4:B8:5E:DC:A9:F8,-85,2016,1,26,10,7,47
F4:B8:5E:DC:A9:F8,-82,2016,1,26,10,8,17
F4:B8:5E:DC:A9:F8,-92,2016,1,26,10,8,47
F4:B8:5E:DC:A9:F8,-97,2016,1,26,10,9,18
F4:B8:5E:DC:A9:F8,-96,2016,1,26,10,9,48
F4:B8:5E:DC:A9:F8,-87,2016,1,26,10,10,50
F4:B8:5E:DC:A9:F8,-93,2016,1,26,10,11,21
F4:B8:5E:DC:A9:F8,-93,2016,1,26,10,11,52
F4:B8:5E:DC:A9:F8,-92,2016,1,26,10,12,23
F4:B8:5E:DC:A9:F8,-90,2016,1,26,10,12,53
F4:B8:5E:DC:A9:F8,-96,2016,1,26,10,13,23
F4:B8:5E:DC:A9:F8,-93,2016,1,26,10,13,54
F4:B8:5E:DC:A9:F8,-96,2016,1,26,10,14,24
F4:B8:5E:DC:A9:F8,-92,2016,1,26,10,15,25
F4:B8:5E:DC:A9:F8,-92,2016,1,26,10,15,56
F4:B8:5E:DC:A9:F8,-91,2016,1,26,10,16,26
F4:B8:5E:DC:A9:F8,-88,2016,1,26,10,16,57
F4:B8:5E:DC:A9:F8,-91,2016,1,26,10,17,28
F4:B8:5E:DC:A9:F8,-92,2016,1,26,10,17,58
F4:B8:5E:DC:A9:F8,-96,2016,1,26,10,18,28
F4:B8:5E:DC:A9:F8,-91,2016,1,26,10,19,29
F4:B8:5E:DC:A9:F8,-98,2016,1,26,10,19,59
F4:B8:5E:DC:A9:F8,-92,2016,1,26,10,21,0
F4:B8:5E:DC:A9:F8,-90,2016,1,26,10,21,31
74:DA:EA:A8:9D:0F,-98,2016,1,26,10,23,31
74:DA:EA:A8:9D:0F,-100,2016,1,26,10,30,32
F4:B8:5E:C4:63:25,-95,2016,1,26,10,30,32
74:DA:EA:A8:9D:0F,-90,2016,1,26,10,31,3
F4:B8:5E:C4:63:25,-96,2016,1,26,10,31,3
74:DA:EA:A8:9D:0F,-92,2016,1,26,10,31,34
F4:B8:5E:C4:63:25,-90,2016,1,26,10,31,34
74:DA:EA:A8:9D:0F,-92,2016,1,26,10,32,5
F4:B8:5E:C4:63:25,-92,2016,1,26,10,32,5
F4:B8:5E:C4:63:25,-92,2016,1,26,10,32,36
74:DA:EA:A8:9D:0F,-80,2016,1,26,10,33,7
F4:B8:5E:C4:63:25,-93,2016,1,26,10,33,7
74:DA:EA:A8:9D:0F,-89,2016,1,26,10,33,37
F4:B8:5E:C4:63:25,-87,2016,1,26,10,33,37
74:DA:EA:A8:9D:0F,-92,2016,1,26,10,34,8
F4:B8:5E:C4:63:25,-93,2016,1,26,10,34,8
74:DA:EA:A8:9D:0F,-81,2016,1,26,10,34,39
F4:B8:5E:C4:63:25,-95,2016,1,26,10,34,39
74:DA:EA:A8:9D:0F,-91,2016,1,26,10,35,10
F4:B8:5E:C4:63:25,-96,2016,1,26,10,35,10
74:DA:EA:A8:9D:0F,-95,2016,1,26,10,35,40
F4:B8:5E:C4:63:25,-95,2016,1,26,10,35,40
74:DA:EA:A8:9D:0F,-92,2016,1,26,10,36,40
F4:B8:5E:C4:63:25,-86,2016,1,26,10,36,40
74:DA:EA:A8:9D:0F,-84,2016,1,26,10,37,11
F4:B8:5E:C4:63:25,-84,2016,1,26,10,37,11
74:DA:EA:A8:9D:0F,-92,2016,1,26,10,37,42
F4:B8:5E:C4:63:25,-93,2016,1,26,10,37,42
74:DA:EA:A8:9D:0F,-82,2016,1,26,10,38,13
F4:B8:5E:C4:63:25,-92,2016,1,26,10,38,13
74:DA:EA:A8:9D:0F,-90,2016,1,26,10,38,44
F4:B8:5E:C4:63:25,-95,2016,1,26,10,38,44
74:DA:EA:A8:9D:0F,-90,2016,1,26,10,39,15
F4:B8:5E:C4:63:25,-84,2016,1,26,10,39,15
74:DA:EA:A8:9D:0F,-96,2016,1,26,10,39,46
F4:B8:5E:C4:63:25,-85,2016,1,26,10,39,46
74:DA:EA:A8:9D:0F,-96,2016,1,26,10,40,16
F4:B8:5E:C4:63:25,-92,2016,1,26,10,40,16
74:DA:EA:A8:9D:0F,-92,2016,1,26,10,40,47
F4:B8:5E:C4:63:25,-92,2016,1,26,10,40,47
74:DA:EA:A8:9D:0F,-88,2016,1,26,10,41,17
F4:B8:5E:C4:63:25,-83,2016,1,26,10,41,17
74:DA:EA:A8:9D:0F,-88,2016,1,26,10,41,47
F4:B8:5E:C4:63:25,-84,2016,1,26,10,41,47
74:DA:EA:A8:9D:0F,-89,2016,1,26,10,42,18
F4:B8:5E:C4:63:25,-81,2016,1,26,10,42,18
F4:B8:5E:C4:63:25,-87,2016,1,26,10,42,49
F4:B8:5E:C4:63:25,-90,2016,1,26,10,43,20
F4:B8:5E:C4:63:25,-88,2016,1,26,10,43,50
F4:B8:5E:C4:63:25,-91,2016,1,26,10,44,21
74:DA:EA:A8:9D:0F,-93,2016,1,26,10,44,52
F4:B8:5E:C4:63:25,-91,2016,1,26,10,44,52
74:DA:EA:A8:9D:0F,-91,2016,1,26,10,45,22
F4:B8:5E:C4:63:25,-87,2016,1,26,10,45,22
74:DA:EA:A8:9D:0F,-94,2016,1,26,10,45,52
F4:B8:5E:C4:63:25,-97,2016,1,26,10,45,52
74:DA:EA:A8:9D:0F,-98,2016,1,26,10,46,23
F4:B8:5E:C4:63:25,-89,2016,1,26,10,46,23
F4:B8:5E:C4:63:25,-82,2016,1,26,10,46,53
74:DA:EA:A8:9D:0F,-95,2016,1,26,10,47,23
F4:B8:5E:C4:63:25,-83,2016,1,26,10,47,23
F4:B8:5E:C4:63:25,-83,2016,1,26,10,47,54
F4:B8:5E:C4:63:25,-85,2016,1,26,10,48,25
F4:B8:5E:C4:63:25,-90,2016,1,26,10,48,56
F4:B8:5E:C4:63:25,-94,2016,1,26,10,49,27
F4:B8:5E:C4:63:25,-91,2016,1,26,10,49,58
F4:B8:5E:C4:63:25,-91,2016,1,26,10,50,29
F4:B8:5E:C4:63:25,-89,2016,1,26,10,50,59
F4:B8:5E:C4:63:25,-97,2016,1,26,10,51,29
F4:B8:5E:C4:63:25,-82,2016,1,26,10,51,59
F4:B8:5E:C4:63:25,-94,2016,1,26,10,52,30
F4:B8:5E:C4:63:25,-90,2016,1,26,10,53,1
F4:B8:5E:C4:63:25,-96,2016,1,26,10,53,32
F4:B8:5E:C4:63:25,-91,2016,1,26,10,54,3
F4:B8:5E:C4:63:25,-91,2016,1,26,10,54,34
F4:B8:5E:C4:63:25,-97,2016,1,26,10,55,5
F4:B8:5E:C4:63:25,-88,2016,1,26,10,55,35
F4:B8:5E:C4:63:25,-92,2016,1,26,10,56,6
F4:B8:5E:C4:63:25,-96,2016,1,26,10,56,36
F4:B8:5E:C4:63:25,-92,2016,1,26,10,57,6
74:DA:EA:A8:9D:0F,-90,2016,1,26,10,57,36
F4:B8:5E:C4:63:25,-96,2016,1,26,10,57,36
F4:B8:5E:C4:63:25,-95,2016,1,26,10,58,6
F4:B8:5E:C4:63:25,-87,2016,1,26,10,58,37
F4:B8:5E:C4:63:25,-86,2016,1,26,10,59,8
F4:B8:5E:C4:63:25,-97,2016,1,26,10,59,39
F4:B8:5E:C4:63:25,-91,2016,1,26,11,0,9
F4:B8:5E:C4:63:25,-88,2016,1,26,11,0,40
F4:B8:5E:C4:63:25,-96,2016,1,26,11,1,10
F4:B8:5E:C4:63:25,-94,2016,1,26,11,1,41
F4:B8:5E:C4:63:25,-97,2016,1,26,11,2,12
F4:B8:5E:C4:63:25,-93,2016,1,26,11,2,43
F4:B8:5E:C4:63:25,-92,2016,1,26,11,3,13
F4:B8:5E:C4:63:25,-90,2016,1,26,11,3,43
F4:B8:5E:C4:5F:BE,-91,2016,1,26,19,59,0
F4:B8:5E:C4:5F:BE,-93,2016,1,26,19,59,30
F4:B8:5E:C4:5F:BE,-82,2016,1,26,20,0,0
F4:B8:5E:C4:5F:BE,-86,2016,1,26,20,0,31
F4:B8:5E:C4:5F:BE,-87,2016,1,26,20,1,2
F4:B8:5E:C4:5F:BE,-91,2016,1,26,20,1,33
F4:B8:5E:C4:5F:BE,-93,2016,1,26,20,2,4
F4:B8:5E:C4:5F:BE,-90,2016,1,26,20,2,35
F4:B8:5E:C4:5F:BE,-93,2016,1,26,20,3,6
F4:B8:5E:C4:5F:BE,-90,2016,1,26,20,3,37
F4:B8:5E:C4:5F:BE,-81,2016,1,26,20,4,7
F4:B8:5E:C4:5F:BE,-91,2016,1,26,20,4,37
F4:B8:5E:C4:5F:BE,-96,2016,1,26,20,5,8
F4:B8:5E:C4:5F:BE,-93,2016,1,26,20,5,39
F4:B8:5E:C4:5F:BE,-93,2016,1,26,20,6,10
F4:B8:5E:C4:5F:BE,-92,2016,1,26,20,6,41
F4:B8:5E:C4:5F:BE,-89,2016,1,26,20,7,12
F4:B8:5E:C4:5F:BE,-94,2016,1,26,20,7,43
F4:B8:5E:C4:5F:BE,-91,2016,1,26,20,8,13
F4:B8:5E:C4:5F:BE,-91,2016,1,26,20,8,43
F4:B8:5E:C4:5F:BE,-93,2016,1,26,20,9,13
F4:B8:5E:C4:5F:BE,-93,2016,1,26,20,9,44
F4:B8:5E:C4:5F:BE,-92,2016,1,26,20,10,14
F4:B8:5E:C4:5F:BE,-93,2016,1,26,20,10,45
F4:B8:5E:C4:5F:BE,-94,2016,1,26,20,11,16
F4:B8:5E:C4:5F:BE,-93,2016,1,26,20,11,47
F4:B8:5E:C4:5F:BE,-91,2016,1,26,20,12,18
F4:B8:5E:C4:5F:BE,-92,2016,1,26,20,12,49
F4:B8:5E:C4:5F:BE,-90,2016,1,26,20,13,19
F4:B8:5E:C4:5F:BE,-89,2016,1,26,20,13,49
F4:B8:5E:C4:5F:BE,-97,2016,1,27,8,45,10
F4:B8:5E:C4:5F:BE,-96,2016,1,27,8,45,40
F4:B8:5E:C4:5F:BE,-97,2016,1,27,8,46,11
F4:B8:5E:C4:5F:BE,-94,2016,1,27,8,46,42
F4:B8:5E:C4:5F:BE,-97,2016,1,27,9,2,16
F4:B8:5E:C4:5F:BE,-98,2016,1,27,9,3,16
F4:B8:5E:C4:5F:BE,-98,2016,1,27,9,3,46
F4:B8:5E:C4:5F:BE,-98,2016,1,27,9,4,16
F4:B8:5E:C4:5F:BE,-99,2016,1,27,9,5,18
74:DA:EA:A8:9D:0F,-99,2016,1,27,13,44,43
F4:B8:5E:C4:5F:BE,-97,2016,1,27,17,5,24
F4:B8:5E:C4:5F:BE,-99,2016,1,27,17,9,54
F4:B8:5E:C4:5F:BE,-97,2016,1,27,17,11,26
F4:B8:5E:C4:5F:BE,-98,2016,1,27,17,11,57
F4:B8:5E:C4:5F:BE,-100,2016,1,27,17,12,58
F4:B8:5E:C4:5F:BE,-97,2016,1,27,17,13,28
F4:B8:5E:C4:5F:BE,-91,2016,1,27,17,13,58
F4:B8:5E:C4:5F:BE,-97,2016,1,27,17,14,29
F4:B8:5E:C4:5F:BE,-91,2016,1,27,17,14,59
F4:B8:5E:C4:5F:BE,-91,2016,1,27,17,15,29
F4:B8:5E:C4:5F:BE,-97,2016,1,27,17,16,0
F4:B8:5E:C4:5F:BE,-97,2016,1,27,17,16,30
F4:B8:5E:C4:5F:BE,-93,2016,1,27,17,17,1
F4:B8:5E:C4:5F:BE,-99,2016,1,27,17,17,32
F4:B8:5E:C4:5F:BE,-97,2016,1,27,17,18,3
F4:B8:5E:C4:5F:BE,-91,2016,1,27,17,18,34
F4:B8:5E:C4:5F:BE,-91,2016,1,27,17,19,5
F4:B8:5E:C4:5F:BE,-91,2016,1,27,17,19,36
F4:B8:5E:C4:5F:BE,-98,2016,1,27,17,20,6
F4:B8:5E:C4:5F:BE,-90,2016,1,27,17,20,36
F4:B8:5E:C4:5F:BE,-92,2016,1,27,17,21,6
F4:B8:5E:C4:5F:BE,-99,2016,1,27,17,22,7
F4:B8:5E:C4:5F:BE,-90,2016,1,27,17,22,37
F4:B8:5E:C4:5F:BE,-98,2016,1,27,17,23,7
F4:B8:5E:C4:5F:BE,-92,2016,1,27,17,23,38
F4:B8:5E:C4:5F:BE,-90,2016,1,27,17,24,38
F4:B8:5E:C4:5F:BE,-98,2016,1,27,17,25,8
F4:B8:5E:C4:5F:BE,-96,2016,1,27,17,25,38
F4:B8:5E:C4:5F:BE,-97,2016,1,27,17,26,8
F4:B8:5E:C4:5F:BE,-98,2016,1,27,17,26,38
F4:B8:5E:C4:5F:BE,-98,2016,1,27,17,27,8
F4:B8:5E:C4:5F:BE,-92,2016,1,27,17,27,39
F4:B8:5E:C4:5F:BE,-92,2016,1,27,17,28,10
F4:B8:5E:C4:5F:BE,-91,2016,1,27,17,28,40
F4:B8:5E:C4:5F:BE,-91,2016,1,27,17,29,11
F4:B8:5E:C4:5F:BE,-93,2016,1,27,17,30,11
F4:B8:5E:C4:5F:BE,-97,2016,1,27,17,30,41
F4:B8:5E:C4:5F:BE,-90,2016,1,27,17,31,11
F4:B8:5E:C4:5F:BE,-89,2016,1,27,17,31,41
F4:B8:5E:C4:5F:BE,-98,2016,1,27,17,32,12
F4:B8:5E:C4:5F:BE,-97,2016,1,27,17,32,43
F4:B8:5E:C4:5F:BE,-96,2016,1,27,17,33,14
F4:B8:5E:C4:5F:BE,-92,2016,1,27,17,33,45
F4:B8:5E:C4:5F:BE,-95,2016,1,27,17,34,15
F4:B8:5E:C4:5F:BE,-96,2016,1,27,17,34,46
F4:B8:5E:C4:5F:BE,-96,2016,1,27,17,35,16
F4:B8:5E:C4:5F:BE,-90,2016,1,27,17,35,47
F4:B8:5E:C4:5F:BE,-93,2016,1,27,17,36,18
F4:B8:5E:C4:5F:BE,-90,2016,1,27,17,36,48
F4:B8:5E:C4:5F:BE,-92,2016,1,27,17,37,18
F4:B8:5E:C4:5F:BE,-96,2016,1,27,17,37,48
F4:B8:5E:C4:5F:BE,-91,2016,1,27,17,38,19
F4:B8:5E:C4:5F:BE,-95,2016,1,27,17,38,50
F4:B8:5E:C4:5F:BE,-96,2016,1,27,17,39,20
F4:B8:5E:C4:5F:BE,-97,2016,1,27,17,39,51
F4:B8:5E:C4:5F:BE,-97,2016,1,27,17,40,22
F4:B8:5E:C4:5F:BE,-96,2016,1,27,17,40,53
F4:B8:5E:C4:5F:BE,-96,2016,1,27,17,41,23
F4:B8:5E:C4:5F:BE,-94,2016,1,27,17,41,53
F4:B8:5E:C4:5F:BE,-93,2016,1,27,17,42,53
F4:B8:5E:C4:5F:BE,-98,2016,1,27,17,43,23
F4:B8:5E:C4:5F:BE,-96,2016,1,27,17,43,54
F4:B8:5E:C4:5F:BE,-92,2016,1,27,17,44,25
F4:B8:5E:C4:5F:BE,-95,2016,1,27,17,44,56
F4:B8:5E:C4:5F:BE,-92,2016,1,27,17,45,26
F4:B8:5E:C4:5F:BE,-96,2016,1,27,17,45,57
F4:B8:5E:C4:5F:BE,-91,2016,1,27,17,46,27
F4:B8:5E:C4:5F:BE,-96,2016,1,27,17,46,57
F4:B8:5E:C4:5F:BE,-95,2016,1,27,17,47,28
F4:B8:5E:C4:5F:BE,-96,2016,1,27,17,47,58
F4:B8:5E:C4:5F:BE,-96,2016,1,27,17,48,28
F4:B8:5E:C4:5F:BE,-96,2016,1,27,17,49,29
F4:B8:5E:C4:5F:BE,-91,2016,1,27,17,50,0
F4:B8:5E:C4:5F:BE,-95,2016,1,27,17,50,31
F4:B8:5E:C4:5F:BE,-98,2016,1,27,17,51,1
F4:B8:5E:C4:5F:BE,-97,2016,1,27,17,51,32
F4:B8:5E:C4:5F:BE,-98,2016,1,27,17,52,3
F4:B8:5E:C4:5F:BE,-98,2016,1,27,17,52,33
F4:B8:5E:C4:5F:BE,-96,2016,1,27,17,53,3
F4:B8:5E:C4:5F:BE,-93,2016,1,27,17,53,34
F4:B8:5E:C4:5F:BE,-99,2016,1,27,17,54,35
F4:B8:5E:C4:5F:BE,-93,2016,1,27,17,55,6
F4:B8:5E:C4:5F:BE,-98,2016,1,27,17,55,37
F4:B8:5E:C4:5F:BE,-98,2016,1,27,17,56,8
F4:B8:5E:C4:5F:BE,-94,2016,1,27,17,56,39
F4:B8:5E:C4:5F:BE,-94,2016,1,27,17,57,9
F4:B8:5E:C4:5F:BE,-93,2016,1,27,17,57,40
F4:B8:5E:C4:5F:BE,-99,2016,1,27,17,58,10
F4:B8:5E:C4:5F:BE,-98,2016,1,27,17,58,41
F4:B8:5E:C4:5F:BE,-99,2016,1,27,17,59,12
F4:B8:5E:C4:5F:BE,-99,2016,1,27,17,59,42
F4:B8:5E:C4:5F:BE,-98,2016,1,27,18,0,13
F4:B8:5E:C4:5F:BE,-97,2016,1,27,18,0,43
F4:B8:5E:C4:5F:BE,-97,2016,1,27,18,1,13
F4:B8:5E:C4:5F:BE,-98,2016,1,27,18,1,44
F4:B8:5E:C4:5F:BE,-98,2016,1,27,18,2,15
F4:B8:5E:C4:5F:BE,-95,2016,1,27,18,2,45
F4:B8:5E:C4:5F:BE,-97,2016,1,27,18,3,15
F4:B8:5E:C4:5F:BE,-94,2016,1,27,18,4,15
F4:B8:5E:C4:5F:BE,-92,2016,1,27,18,4,46
F4:B8:5E:C4:5F:BE,-99,2016,1,27,18,5,16
F4:B8:5E:C4:5F:BE,-91,2016,1,27,18,6,17
F4:B8:5E:C4:5F:BE,-93,2016,1,27,18,6,48
F4:B8:5E:C4:5F:BE,-95,2016,1,27,18,7,18
F4:B8:5E:C4:5F:BE,-90,2016,1,27,18,8,19
F4:B8:5E:C4:5F:BE,-92,2016,1,27,18,8,49
F4:B8:5E:C4:5F:BE,-91,2016,1,27,18,9,19
F4:B8:5E:C4:5F:BE,-99,2016,1,27,18,9,50
F4:B8:5E:C4:5F:BE,-100,2016,1,27,18,10,21
F4:B8:5E:C4:5F:BE,-99,2016,1,27,18,10,52
F4:B8:5E:C4:5F:8C,-83,2016,1,28,7,43,51
F4:B8:5E:C4:5F:BE,-64,2016,1,28,7,43,51
F4:B8:5E:DD:42:D2,-66,2016,1,28,7,43,51
F4:B8:5E:C4:56:3D,-73,2016,1,28,7,43,51
F4:B8:5E:DC:B5:DD,-66,2016,1,28,7,43,51
F4:B8:5E:C4:5F:8C,-84,2016,1,28,7,44,22
F4:B8:5E:C4:5F:BE,-69,2016,1,28,7,44,22
F4:B8:5E:DD:42:D2,-66,2016,1,28,7,44,22
F4:B8:5E:C4:56:3D,-68,2016,1,28,7,44,22
F4:B8:5E:DC:B5:DD,-66,2016,1,28,7,44,22
F4:B8:5E:C4:5F:8C,-74,2016,1,28,7,44,53
F4:B8:5E:C4:5F:BE,-91,2016,1,28,7,44,53
F4:B8:5E:DD:42:D2,-88,2016,1,28,7,44,53
F4:B8:5E:C4:56:3D,-89,2016,1,28,7,44,53
F4:B8:5E:DC:B5:DD,-91,2016,1,28,7,44,53
F4:B8:5E:C4:5F:8C,-91,2016,1,28,7,45,23
F4:B8:5E:C4:5F:BE,-93,2016,1,28,7,45,23
F4:B8:5E:DD:42:D2,-93,2016,1,28,7,45,23
F4:B8:5E:C4:56:3D,-82,2016,1,28,7,45,23
F4:B8:5E:DC:B5:DD,-72,2016,1,28,7,45,23
F4:B8:5E:C4:5F:8C,-100,2016,1,28,7,45,54
F4:B8:5E:C4:5F:BE,-94,2016,1,28,7,45,54
F4:B8:5E:DD:42:D2,-94,2016,1,28,7,45,54
F4:B8:5E:C4:56:3D,-83,2016,1,28,7,45,54
F4:B8:5E:C4:5F:8C,-95,2016,1,28,7,46,24
F4:B8:5E:C4:5F:BE,-93,2016,1,28,7,46,24
F4:B8:5E:DD:42:D2,-96,2016,1,28,7,46,24
F4:B8:5E:C4:56:3D,-94,2016,1,28,7,46,24
F4:B8:5E:C4:5F:8C,-94,2016,1,28,7,46,55
F4:B8:5E:C4:5F:BE,-93,2016,1,28,7,46,55
F4:B8:5E:DD:42:D2,-92,2016,1,28,7,46,55
F4:B8:5E:C4:56:3D,-89,2016,1,28,7,46,55
F4:B8:5E:DC:B5:DD,-99,2016,1,28,7,46,55
F4:B8:5E:C4:5F:8C,-93,2016,1,28,7,47,25
F4:B8:5E:C4:5F:BE,-92,2016,1,28,7,47,25
F4:B8:5E:DD:42:D2,-95,2016,1,28,7,47,25
F4:B8:5E:C4:56:3D,-88,2016,1,28,7,47,25
F4:B8:5E:DC:B5:DD,-99,2016,1,28,7,47,25
F4:B8:5E:C4:5F:8C,-88,2016,1,28,7,47,56
F4:B8:5E:C4:5F:BE,-93,2016,1,28,7,47,56
F4:B8:5E:DD:42:D2,-92,2016,1,28,7,47,56
F4:B8:5E:C4:56:3D,-85,2016,1,28,7,47,56
F4:B8:5E:C4:5F:BE,-93,2016,1,28,7,48,27
F4:B8:5E:C4:5F:8C,-88,2016,1,28,7,48,27
F4:B8:5E:DD:42:D2,-94,2016,1,28,7,48,27
F4:B8:5E:C4:56:3D,-85,2016,1,28,7,48,27
F4:B8:5E:C4:5F:8C,-85,2016,1,28,7,48,58
F4:B8:5E:C4:5F:BE,-93,2016,1,28,7,48,58
F4:B8:5E:DD:42:D2,-96,2016,1,28,7,48,58
F4:B8:5E:C4:56:3D,-96,2016,1,28,7,48,58
F4:B8:5E:DC:B5:DD,-100,2016,1,28,7,48,58
F4:B8:5E:C4:5F:BE,-93,2016,1,28,7,49,29
F4:B8:5E:C4:5F:8C,-88,2016,1,28,7,49,29
F4:B8:5E:DD:42:D2,-95,2016,1,28,7,49,29
F4:B8:5E:C4:56:3D,-95,2016,1,28,7,49,29
F4:B8:5E:C4:5F:8C,-93,2016,1,28,7,50,0
F4:B8:5E:C4:5F:BE,-91,2016,1,28,7,50,0
F4:B8:5E:DD:42:D2,-93,2016,1,28,7,50,0
F4:B8:5E:C4:56:3D,-84,2016,1,28,7,50,0
F4:B8:5E:DC:B5:DD,-87,2016,1,28,7,50,0
F4:B8:5E:C4:5F:8C,-83,2016,1,28,7,50,30
F4:B8:5E:C4:5F:BE,-91,2016,1,28,7,50,30
F4:B8:5E:DD:42:D2,-86,2016,1,28,7,50,30
F4:B8:5E:C4:56:3D,-93,2016,1,28,7,50,30
F4:B8:5E:DC:B5:DD,-87,2016,1,28,7,50,30
F4:B8:5E:C4:5F:8C,-82,2016,1,28,7,51,0
F4:B8:5E:C4:5F:BE,-81,2016,1,28,7,51,0
F4:B8:5E:DD:42:D2,-73,2016,1,28,7,51,0
F4:B8:5E:C4:56:3D,-85,2016,1,28,7,51,0
F4:B8:5E:DC:B5:DD,-79,2016,1,28,7,51,0
F4:B8:5E:C4:5F:BE,-73,2016,1,28,7,51,30
F4:B8:5E:C4:5F:8C,-82,2016,1,28,7,51,30
F4:B8:5E:DD:42:D2,-73,2016,1,28,7,51,30
F4:B8:5E:C4:56:3D,-84,2016,1,28,7,51,30
F4:B8:5E:DC:B5:DD,-86,2016,1,28,7,51,30
F4:B8:5E:C4:5F:BE,-86,2016,1,28,7,52,1
F4:B8:5E:C4:5F:8C,-90,2016,1,28,7,52,1
F4:B8:5E:DD:42:D2,-87,2016,1,28,7,52,1
F4:B8:5E:C4:56:3D,-90,2016,1,28,7,52,1
F4:B8:5E:DC:B5:DD,-93,2016,1,28,7,52,1
F4:B8:5E:C4:5F:8C,-97,2016,1,28,7,52,31
F4:B8:5E:C4:5F:BE,-85,2016,1,28,7,52,31
F4:B8:5E:DD:42:D2,-93,2016,1,28,7,52,31
F4:B8:5E:C4:56:3D,-93,2016,1,28,7,52,31
F4:B8:5E:DC:B5:DD,-99,2016,1,28,7,52,31
F4:B8:5E:C4:5F:8C,-93,2016,1,28,7,53,1
F4:B8:5E:C4:5F:BE,-89,2016,1,28,7,53,1
F4:B8:5E:DD:42:D2,-93,2016,1,28,7,53,1
F4:B8:5E:C4:56:3D,-93,2016,1,28,7,53,1
F4:B8:5E:DC:B5:DD,-91,2016,1,28,7,53,1
F4:B8:5E:C4:5F:8C,-93,2016,1,28,7,53,32
F4:B8:5E:C4:5F:BE,-89,2016,1,28,7,53,32
F4:B8:5E:DD:42:D2,-93,2016,1,28,7,53,32
F4:B8:5E:C4:56:3D,-94,2016,1,28,7,53,32
F4:B8:5E:DC:B5:DD,-90,2016,1,28,7,53,32
F4:B8:5E:C4:5F:8C,-92,2016,1,28,7,54,3
F4:B8:5E:C4:5F:BE,-85,2016,1,28,7,54,3
F4:B8:5E:DD:42:D2,-92,2016,1,28,7,54,3
F4:B8:5E:C4:56:3D,-94,2016,1,28,7,54,3
F4:B8:5E:DC:B5:DD,-97,2016,1,28,7,54,3
F4:B8:5E:C4:5F:8C,-93,2016,1,28,7,54,34
F4:B8:5E:C4:5F:BE,-89,2016,1,28,7,54,34
F4:B8:5E:DD:42:D2,-95,2016,1,28,7,54,34
F4:B8:5E:C4:56:3D,-93,2016,1,28,7,54,34
F4:B8:5E:DC:B5:DD,-97,2016,1,28,7,54,34
F4:B8:5E:C4:5F:8C,-94,2016,1,28,7,55,5
F4:B8:5E:C4:5F:BE,-90,2016,1,28,7,55,5
F4:B8:5E:DD:42:D2,-95,2016,1,28,7,55,5
F4:B8:5E:C4:56:3D,-94,2016,1,28,7,55,5
F4:B8:5E:DC:B5:DD,-95,2016,1,28,7,55,5
F4:B8:5E:C4:5F:8C,-89,2016,1,28,7,55,36
F4:B8:5E:C4:5F:BE,-89,2016,1,28,7,55,36
F4:B8:5E:DD:42:D2,-96,2016,1,28,7,55,36
F4:B8:5E:C4:56:3D,-97,2016,1,28,7,55,36
F4:B8:5E:DC:B5:DD,-96,2016,1,28,7,55,36
F4:B8:5E:C4:5F:BE,-90,2016,1,28,7,56,6
F4:B8:5E:C4:5F:8C,-91,2016,1,28,7,56,6
F4:B8:5E:DD:42:D2,-92,2016,1,28,7,56,6
F4:B8:5E:C4:56:3D,-93,2016,1,28,7,56,6
F4:B8:5E:C4:5F:8C,-91,2016,1,28,7,56,37
F4:B8:5E:C4:5F:BE,-91,2016,1,28,7,56,37
F4:B8:5E:DD:42:D2,-88,2016,1,28,7,56,37
F4:B8:5E:C4:56:3D,-96,2016,1,28,7,56,37
F4:B8:5E:DC:B5:DD,-97,2016,1,28,7,56,37
F4:B8:5E:C4:5F:8C,-79,2016,1,28,7,57,8
F4:B8:5E:C4:5F:BE,-87,2016,1,28,7,57,8
F4:B8:5E:DD:42:D2,-77,2016,1,28,7,57,8
F4:B8:5E:C4:56:3D,-91,2016,1,28,7,57,8
F4:B8:5E:DC:B5:DD,-88,2016,1,28,7,57,8
F4:B8:5E:C4:5F:8C,-91,2016,1,28,7,57,38
F4:B8:5E:C4:5F:BE,-98,2016,1,28,7,57,38
F4:B8:5E:DD:42:D2,-92,2016,1,28,7,57,38
F4:B8:5E:C4:56:3D,-92,2016,1,28,7,57,38
F4:B8:5E:DC:B5:DD,-89,2016,1,28,7,57,38
F4:B8:5E:C4:5F:BE,-98,2016,1,28,7,58,8
F4:B8:5E:C4:5F:8C,-94,2016,1,28,7,58,8
F4:B8:5E:DD:42:D2,-92,2016,1,28,7,58,8
F4:B8:5E:C4:56:3D,-87,2016,1,28,7,58,8
F4:B8:5E:DC:B5:DD,-91,2016,1,28,7,58,8
F4:B8:5E:C4:5F:BE,-94,2016,1,28,7,58,38
F4:B8:5E:C4:5F:8C,-92,2016,1,28,7,58,38
F4:B8:5E:DD:42:D2,-95,2016,1,28,7,58,38
F4:B8:5E:C4:56:3D,-85,2016,1,28,7,58,38
F4:B8:5E:DC:B5:DD,-88,2016,1,28,7,58,38
F4:B8:5E:C4:5F:8C,-99,2016,1,28,7,59,9
F4:B8:5E:C4:5F:BE,-94,2016,1,28,7,59,9
F4:B8:5E:DD:42:D2,-96,2016,1,28,7,59,9
F4:B8:5E:C4:56:3D,-98,2016,1,28,7,59,9
F4:B8:5E:DC:B5:DD,-97,2016,1,28,7,59,9
F4:B8:5E:C4:5F:BE,-97,2016,1,28,7,59,40
F4:B8:5E:C4:56:3D,-93,2016,1,28,7,59,40
F4:B8:5E:C4:5F:BE,-92,2016,1,28,8,0,11
F4:B8:5E:DD:42:D2,-97,2016,1,28,8,0,11
F4:B8:5E:C4:5F:BE,-95,2016,1,28,8,0,42
F4:B8:5E:DD:42:D2,-94,2016,1,28,8,0,42
F4:B8:5E:C4:56:3D,-90,2016,1,28,8,0,42
F4:B8:5E:DD:42:D2,-97,2016,1,28,8,1,13
F4:B8:5E:C4:56:3D,-98,2016,1,28,8,1,13
F4:B8:5E:C4:5F:BE,-96,2016,1,28,8,1,43
F4:B8:5E:DD:42:D2,-98,2016,1,28,8,1,43
F4:B8:5E:C4:56:3D,-97,2016,1,28,8,1,43
F4:B8:5E:C4:5F:BE,-99,2016,1,28,8,2,13
F4:B8:5E:DD:42:D2,-97,2016,1,28,8,2,13
F4:B8:5E:C4:56:3D,-95,2016,1,28,8,2,13
F4:B8:5E:C4:5F:8C,-93,2016,1,28,8,2,43
F4:B8:5E:C4:5F:BE,-97,2016,1,28,8,2,43
F4:B8:5E:DD:42:D2,-90,2016,1,28,8,2,43
F4:B8:5E:C4:56:3D,-99,2016,1,28,8,2,43
F4:B8:5E:DC:B5:DD,-95,2016,1,28,8,2,43
F4:B8:5E:C4:5F:BE,-85,2016,1,28,8,3,14
F4:B8:5E:DD:42:D2,-85,2016,1,28,8,3,14
F4:B8:5E:C4:56:3D,-91,2016,1,28,8,3,14
F4:B8:5E:DC:B5:DD,-93,2016,1,28,8,3,14
F4:B8:5E:C4:56:3D,-98,2016,1,28,9,11,59
F4:B8:5E:C4:56:3D,-100,2016,1,28,16,35,29
F4:B8:5E:DC:B5:DD,-96,2016,1,28,16,35,29
F4:B8:5E:C4:56:3D,-84,2016,1,28,16,35,59
F4:B8:5E:DC:B5:DD,-95,2016,1,28,16,35,59
F4:B8:5E:C4:56:3D,-85,2016,1,28,16,36,30
F4:B8:5E:DC:B5:DD,-97,2016,1,28,16,36,30
F4:B8:5E:C4:56:3D,-80,2016,1,28,16,37,1
F4:B8:5E:DC:B5:DD,-92,2016,1,28,16,37,1
F4:B8:5E:C4:56:3D,-86,2016,1,28,16,37,32
F4:B8:5E:DC:B5:DD,-98,2016,1,28,16,37,32
F4:B8:5E:C4:56:3D,-81,2016,1,28,16,38,2
F4:B8:5E:DC:B5:DD,-91,2016,1,28,16,38,2
F4:B8:5E:C4:56:3D,-82,2016,1,28,16,38,32
F4:B8:5E:C4:56:3D,-86,2016,1,28,16,39,2
F4:B8:5E:DC:B5:DD,-90,2016,1,28,16,39,2
F4:B8:5E:C4:56:3D,-73,2016,1,28,16,39,33
F4:B8:5E:C4:56:3D,-84,2016,1,28,16,40,4
F4:B8:5E:C4:56:3D,-87,2016,1,28,16,40,35
F4:B8:5E:C4:56:3D,-87,2016,1,28,16,41,6
F4:B8:5E:C4:56:3D,-83,2016,1,28,16,41,37
F4:B8:5E:C4:56:3D,-84,2016,1,28,16,42,7
F4:B8:5E:C4:56:3D,-83,2016,1,28,16,42,37
F4:B8:5E:C4:56:3D,-83,2016,1,28,16,43,7
F4:B8:5E:C4:56:3D,-88,2016,1,28,16,43,37
F4:B8:5E:C4:56:3D,-82,2016,1,28,16,44,7
F4:B8:5E:C4:56:3D,-84,2016,1,28,16,44,37
F4:B8:5E:C4:56:3D,-88,2016,1,28,16,45,9
F4:B8:5E:C4:56:3D,-84,2016,1,28,16,45,40
F4:B8:5E:C4:56:3D,-82,2016,1,28,16,46,11
F4:B8:5E:C4:56:3D,-89,2016,1,28,16,46,42
F4:B8:5E:C4:56:3D,-89,2016,1,28,16,47,13
F4:B8:5E:C4:56:3D,-80,2016,1,28,16,47,44
F4:B8:5E:C4:56:3D,-83,2016,1,28,16,48,14
F4:B8:5E:C4:56:3D,-81,2016,1,28,16,48,44
F4:B8:5E:C4:56:3D,-83,2016,1,28,16,49,14
F4:B8:5E:C4:56:3D,-83,2016,1,28,16,49,44
F4:B8:5E:C4:56:3D,-81,2016,1,28,16,50,15
F4:B8:5E:C4:56:3D,-81,2016,1,28,16,50,46
F4:B8:5E:C4:56:3D,-83,2016,1,28,16,51,17
F4:B8:5E:C4:56:3D,-89,2016,1,28,16,51,48
F4:B8:5E:C4:56:3D,-83,2016,1,28,16,52,19
F4:B8:5E:C4:56:3D,-80,2016,1,28,16,52,49
F4:B8:5E:C4:56:3D,-81,2016,1,28,16,53,20
F4:B8:5E:C4:56:3D,-83,2016,1,28,16,53,50
F4:B8:5E:C4:56:3D,-83,2016,1,28,16,54,20
F4:B8:5E:C4:56:3D,-83,2016,1,28,16,54,50
F4:B8:5E:C4:56:3D,-83,2016,1,28,16,55,21
F4:B8:5E:C4:56:3D,-90,2016,1,28,16,55,52
F4:B8:5E:C4:56:3D,-83,2016,1,28,16,56,22
F4:B8:5E:C4:56:3D,-89,2016,1,28,16,56,53
F4:B8:5E:C4:56:3D,-90,2016,1,28,16,57,24
F4:B8:5E:C4:56:3D,-81,2016,1,28,16,57,55
F4:B8:5E:C4:56:3D,-84,2016,1,28,16,58,25
F4:B8:5E:C4:56:3D,-81,2016,1,28,16,58,55
F4:B8:5E:C4:56:3D,-83,2016,1,28,16,59,25
F4:B8:5E:C4:56:3D,-84,2016,1,28,16,59,55
F4:B8:5E:C4:56:3D,-91,2016,1,28,17,0,26
F4:B8:5E:C4:56:3D,-83,2016,1,28,17,0,57
F4:B8:5E:C4:56:3D,-90,2016,1,28,17,1,27
F4:B8:5E:C4:56:3D,-84,2016,1,28,17,1,58
F4:B8:5E:C4:56:3D,-90,2016,1,28,17,2,29
F4:B8:5E:C4:56:3D,-88,2016,1,28,17,2,59
F4:B8:5E:C4:56:3D,-80,2016,1,28,17,3,30
F4:B8:5E:C4:56:3D,-89,2016,1,28,17,4,0
F4:B8:5E:C4:56:3D,-81,2016,1,28,17,4,30
F4:B8:5E:C4:56:3D,-89,2016,1,28,17,5,0
F4:B8:5E:C4:56:3D,-90,2016,1,28,17,5,31
F4:B8:5E:C4:56:3D,-81,2016,1,28,17,6,2
F4:B8:5E:C4:56:3D,-81,2016,1,28,17,6,33
F4:B8:5E:C4:56:3D,-81,2016,1,28,17,7,3
F4:B8:5E:C4:56:3D,-84,2016,1,28,17,7,33
F4:B8:5E:C4:56:3D,-88,2016,1,28,17,8,4
F4:B8:5E:C4:56:3D,-80,2016,1,28,17,8,35
F4:B8:5E:C4:56:3D,-84,2016,1,28,17,9,5
F4:B8:5E:C4:56:3D,-80,2016,1,28,17,9,35
F4:B8:5E:C4:56:3D,-79,2016,1,28,17,10,6
F4:B8:5E:C4:56:3D,-80,2016,1,28,17,10,37
F4:B8:5E:C4:56:3D,-83,2016,1,28,17,11,7
F4:B8:5E:C4:56:3D,-89,2016,1,28,17,11,38
F4:B8:5E:C4:56:3D,-80,2016,1,28,17,12,8
F4:B8:5E:C4:56:3D,-88,2016,1,28,17,12,38
F4:B8:5E:C4:56:3D,-81,2016,1,28,17,13,8
F4:B8:5E:C4:56:3D,-81,2016,1,28,17,13,38
F4:B8:5E:C4:56:3D,-81,2016,1,28,17,14,8
F4:B8:5E:C4:56:3D,-81,2016,1,28,17,14,38
F4:B8:5E:C4:56:3D,-89,2016,1,28,17,15,8
F4:B8:5E:C4:56:3D,-81,2016,1,28,17,15,39
F4:B8:5E:C4:56:3D,-89,2016,1,28,17,16,9
F4:B8:5E:C4:56:3D,-84,2016,1,28,17,16,40
F4:B8:5E:C4:56:3D,-89,2016,1,28,17,17,10
F4:B8:5E:C4:56:3D,-88,2016,1,28,17,17,41
F4:B8:5E:C4:56:3D,-81,2016,1,28,17,18,12
F4:B8:5E:C4:56:3D,-89,2016,1,28,17,18,43
F4:B8:5E:C4:56:3D,-80,2016,1,28,17,19,13
F4:B8:5E:C4:56:3D,-83,2016,1,28,17,19,43
F4:B8:5E:C4:56:3D,-80,2016,1,28,17,20,13
F4:B8:5E:C4:56:3D,-81,2016,1,28,17,20,44
F4:B8:5E:C4:56:3D,-81,2016,1,28,17,21,15
F4:B8:5E:C4:56:3D,-89,2016,1,28,17,21,46
F4:B8:5E:C4:56:3D,-84,2016,1,28,17,22,17
F4:B8:5E:C4:56:3D,-88,2016,1,28,17,22,48
F4:B8:5E:C4:56:3D,-80,2016,1,28,17,23,19
F4:B8:5E:C4:56:3D,-83,2016,1,28,17,23,49
F4:B8:5E:C4:56:3D,-89,2016,1,28,17,24,19
F4:B8:5E:C4:56:3D,-92,2016,1,28,17,24,49
F4:B8:5E:C4:56:3D,-91,2016,1,28,17,25,19
F4:B8:5E:C4:56:3D,-91,2016,1,28,17,25,50
F4:B8:5E:C4:56:3D,-96,2016,1,28,17,26,21
F4:B8:5E:C4:56:3D,-92,2016,1,28,17,26,52
F4:B8:5E:C4:56:3D,-90,2016,1,28,17,27,23
F4:B8:5E:C4:56:3D,-83,2016,1,28,17,27,54
F4:B8:5E:C4:56:3D,-81,2016,1,28,17,28,24
F4:B8:5E:C4:56:3D,-80,2016,1,28,17,28,54
F4:B8:5E:C4:56:3D,-83,2016,1,28,17,29,25
F4:B8:5E:C4:56:3D,-81,2016,1,28,17,29,55
F4:B8:5E:C4:56:3D,-90,2016,1,28,17,30,25
F4:B8:5E:C4:56:3D,-80,2016,1,28,17,30,56
F4:B8:5E:C4:56:3D,-91,2016,1,28,17,31,26
F4:B8:5E:C4:56:3D,-83,2016,1,28,17,31,56
F4:B8:5E:C4:56:3D,-83,2016,1,28,17,32,27
F4:B8:5E:C4:56:3D,-81,2016,1,28,17,32,58
F4:B8:5E:C4:56:3D,-80,2016,1,28,17,33,29
F4:B8:5E:C4:56:3D,-81,2016,1,28,17,34,0
F4:B8:5E:C4:56:3D,-81,2016,1,28,17,34,31
F4:B8:5E:C4:56:3D,-81,2016,1,28,17,35,1
F4:B8:5E:C4:56:3D,-83,2016,1,28,17,35,31
F4:B8:5E:DC:B5:DD,-84,2016,1,28,17,35,31
F4:B8:5E:C4:56:3D,-83,2016,1,28,17,36,1
F4:B8:5E:DC:B5:DD,-90,2016,1,28,17,36,1
F4:B8:5E:C4:56:3D,-83,2016,1,28,17,36,31
F4:B8:5E:DC:B5:DD,-74,2016,1,28,17,36,31
F4:B8:5E:C4:56:3D,-83,2016,1,28,17,37,1
F4:B8:5E:DC:B5:DD,-82,2016,1,28,17,37,1
F4:B8:5E:C4:56:3D,-91,2016,1,28,17,37,31
F4:B8:5E:DC:B5:DD,-82,2016,1,28,17,37,31
F4:B8:5E:C4:56:3D,-90,2016,1,28,17,38,2
F4:B8:5E:DC:B5:DD,-74,2016,1,28,17,38,2
F4:B8:5E:C4:56:3D,-91,2016,1,28,17,38,33
F4:B8:5E:DC:B5:DD,-75,2016,1,28,17,38,33
F4:B8:5E:C4:56:3D,-79,2016,1,28,17,39,3
F4:B8:5E:DC:B5:DD,-82,2016,1,28,17,39,3
F4:B8:5E:C4:56:3D,-82,2016,1,28,17,39,34
F4:B8:5E:DC:B5:DD,-74,2016,1,28,17,39,34
F4:B8:5E:C4:56:3D,-80,2016,1,28,17,40,4
F4:B8:5E:DC:B5:DD,-71,2016,1,28,17,40,4
F4:B8:5E:C4:56:3D,-91,2016,1,28,17,40,35
F4:B8:5E:DC:B5:DD,-81,2016,1,28,17,40,35
F4:B8:5E:C4:56:3D,-91,2016,1,28,17,41,6
F4:B8:5E:DC:B5:DD,-74,2016,1,28,17,41,6
F4:B8:5E:C4:56:3D,-83,2016,1,28,17,41,37
F4:B8:5E:DC:B5:DD,-81,2016,1,28,17,41,37
F4:B8:5E:C4:56:3D,-81,2016,1,28,17,42,7
F4:B8:5E:DC:B5:DD,-74,2016,1,28,17,42,7
F4:B8:5E:C4:56:3D,-91,2016,1,28,17,42,37
F4:B8:5E:DC:B5:DD,-74,2016,1,28,17,42,37
F4:B8:5E:C4:56:3D,-83,2016,1,28,17,43,8
F4:B8:5E:DC:B5:DD,-70,2016,1,28,17,43,8
F4:B8:5E:C4:56:3D,-81,2016,1,28,17,43,39
F4:B8:5E:DC:B5:DD,-81,2016,1,28,17,43,39
F4:B8:5E:C4:56:3D,-83,2016,1,28,17,44,10
F4:B8:5E:DC:B5:DD,-69,2016,1,28,17,44,10
F4:B8:5E:C4:56:3D,-84,2016,1,28,17,44,41
F4:B8:5E:DC:B5:DD,-69,2016,1,28,17,44,41
F4:B8:5E:C4:56:3D,-85,2016,1,28,17,45,12
F4:B8:5E:DC:B5:DD,-77,2016,1,28,17,45,12
F4:B8:5E:C4:56:3D,-88,2016,1,28,17,45,42
F4:B8:5E:DC:B5:DD,-68,2016,1,28,17,45,42
F4:B8:5E:C4:56:3D,-81,2016,1,28,17,46,12
F4:B8:5E:DC:B5:DD,-72,2016,1,28,17,46,12
F4:B8:5E:C4:56:3D,-89,2016,1,28,17,46,42
F4:B8:5E:DC:B5:DD,-69,2016,1,28,17,46,42
F4:B8:5E:C4:56:3D,-84,2016,1,28,17,47,13
F4:B8:5E:DC:B5:DD,-68,2016,1,28,17,47,13
F4:B8:5E:C4:56:3D,-94,2016,1,28,17,47,43
F4:B8:5E:DC:B5:DD,-78,2016,1,28,17,47,43
F4:B8:5E:C4:56:3D,-81,2016,1,28,17,48,13
F4:B8:5E:DC:B5:DD,-69,2016,1,28,17,48,13
F4:B8:5E:C4:56:3D,-88,2016,1,28,17,48,44
F4:B8:5E:DC:B5:DD,-74,2016,1,28,17,48,44
F4:B8:5E:C4:56:3D,-91,2016,1,28,17,49,14
F4:B8:5E:DC:B5:DD,-79,2016,1,28,17,49,14
F4:B8:5E:C4:56:3D,-91,2016,1,28,17,49,45
F4:B8:5E:DC:B5:DD,-74,2016,1,28,17,49,45
F4:B8:5E:C4:56:3D,-87,2016,1,28,17,50,16
F4:B8:5E:DC:B5:DD,-78,2016,1,28,17,50,16
F4:B8:5E:C4:56:3D,-92,2016,1,28,17,50,46
F4:B8:5E:DC:B5:DD,-79,2016,1,28,17,50,46
F4:B8:5E:C4:56:3D,-82,2016,1,28,17,51,16
F4:B8:5E:DC:B5:DD,-78,2016,1,28,17,51,16
F4:B8:5E:C4:56:3D,-85,2016,1,28,17,51,46
F4:B8:5E:DC:B5:DD,-69,2016,1,28,17,51,46
F4:B8:5E:C4:56:3D,-89,2016,1,28,17,52,16
F4:B8:5E:DC:B5:DD,-78,2016,1,28,17,52,16
F4:B8:5E:C4:56:3D,-84,2016,1,28,17,52,46
F4:B8:5E:DC:B5:DD,-69,2016,1,28,17,52,46
F4:B8:5E:C4:56:3D,-92,2016,1,28,17,53,16
F4:B8:5E:DC:B5:DD,-69,2016,1,28,17,53,16
F4:B8:5E:C4:56:3D,-91,2016,1,28,17,53,47
F4:B8:5E:DC:B5:DD,-73,2016,1,28,17,53,47
F4:B8:5E:C4:56:3D,-84,2016,1,28,17,54,17
F4:B8:5E:DC:B5:DD,-79,2016,1,28,17,54,17
F4:B8:5E:C4:56:3D,-89,2016,1,28,17,54,48
F4:B8:5E:DC:B5:DD,-69,2016,1,28,17,54,48
F4:B8:5E:C4:56:3D,-92,2016,1,28,17,55,19
F4:B8:5E:DC:B5:DD,-68,2016,1,28,17,55,19
F4:B8:5E:C4:56:3D,-82,2016,1,28,17,55,49
F4:B8:5E:DC:B5:DD,-72,2016,1,28,17,55,49
F4:B8:5E:C4:56:3D,-90,2016,1,28,17,56,19
F4:B8:5E:DC:B5:DD,-69,2016,1,28,17,56,19
F4:B8:5E:C4:56:3D,-82,2016,1,28,17,56,49
F4:B8:5E:DC:B5:DD,-80,2016,1,28,17,56,49
F4:B8:5E:C4:56:3D,-81,2016,1,28,17,57,19
F4:B8:5E:DC:B5:DD,-79,2016,1,28,17,57,19
F4:B8:5E:C4:56:3D,-81,2016,1,28,17,57,49
F4:B8:5E:DC:B5:DD,-69,2016,1,28,17,57,49
F4:B8:5E:C4:56:3D,-90,2016,1,28,17,58,19
F4:B8:5E:DC:B5:DD,-74,2016,1,28,17,58,19
F4:B8:5E:C4:56:3D,-91,2016,1,28,17,58,50
F4:B8:5E:DC:B5:DD,-69,2016,1,28,17,58,50
F4:B8:5E:C4:56:3D,-81,2016,1,28,17,59,21
F4:B8:5E:DC:B5:DD,-69,2016,1,28,17,59,21
F4:B8:5E:C4:56:3D,-81,2016,1,28,17,59,52
F4:B8:5E:DC:B5:DD,-69,2016,1,28,17,59,52
F4:B8:5E:C4:56:3D,-95,2016,1,28,18,0,23
F4:B8:5E:DC:B5:DD,-74,2016,1,28,18,0,23
F4:B8:5E:C4:56:3D,-93,2016,1,28,18,0,54
F4:B8:5E:DC:B5:DD,-74,2016,1,28,18,0,54
F4:B8:5E:C4:56:3D,-97,2016,1,28,18,1,24
F4:B8:5E:DC:B5:DD,-74,2016,1,28,18,1,24
F4:B8:5E:C4:56:3D,-94,2016,1,28,18,1,54
F4:B8:5E:DC:B5:DD,-71,2016,1,28,18,1,54
F4:B8:5E:C4:56:3D,-99,2016,1,28,18,2,24
F4:B8:5E:DC:B5:DD,-74,2016,1,28,18,2,24
F4:B8:5E:C4:56:3D,-91,2016,1,28,18,2,54
F4:B8:5E:DC:B5:DD,-84,2016,1,28,18,2,54
F4:B8:5E:C4:56:3D,-92,2016,1,28,18,3,24
F4:B8:5E:DC:B5:DD,-84,2016,1,28,18,3,24
F4:B8:5E:C4:56:3D,-91,2016,1,28,18,3,55
F4:B8:5E:DC:B5:DD,-71,2016,1,28,18,3,55
F4:B8:5E:C4:56:3D,-94,2016,1,28,18,4,26
F4:B8:5E:DC:B5:DD,-71,2016,1,28,18,4,26
F4:B8:5E:C4:56:3D,-97,2016,1,28,18,4,57
F4:B8:5E:DC:B5:DD,-84,2016,1,28,18,4,57
F4:B8:5E:C4:56:3D,-93,2016,1,28,18,5,28
F4:B8:5E:DC:B5:DD,-74,2016,1,28,18,5,28
F4:B8:5E:C4:56:3D,-88,2016,1,28,18,5,58
F4:B8:5E:DC:B5:DD,-71,2016,1,28,18,5,58
F4:B8:5E:C4:56:3D,-90,2016,1,28,18,6,29
F4:B8:5E:DC:B5:DD,-83,2016,1,28,18,6,29
F4:B8:5E:C4:56:3D,-94,2016,1,28,18,6,59
F4:B8:5E:DC:B5:DD,-70,2016,1,28,18,6,59
F4:B8:5E:C4:56:3D,-92,2016,1,28,18,7,29
F4:B8:5E:DC:B5:DD,-84,2016,1,28,18,7,29
F4:B8:5E:C4:56:3D,-90,2016,1,28,18,7,59
F4:B8:5E:DC:B5:DD,-69,2016,1,28,18,7,59
F4:B8:5E:C4:56:3D,-94,2016,1,28,18,8,29
F4:B8:5E:DC:B5:DD,-70,2016,1,28,18,8,29
F4:B8:5E:C4:56:3D,-93,2016,1,28,18,8,59
F4:B8:5E:DC:B5:DD,-84,2016,1,28,18,8,59
F4:B8:5E:C4:56:3D,-91,2016,1,28,18,9,30
F4:B8:5E:DC:B5:DD,-82,2016,1,28,18,9,30
F4:B8:5E:C4:56:3D,-97,2016,1,28,18,10,1
F4:B8:5E:DC:B5:DD,-85,2016,1,28,18,10,1
F4:B8:5E:C4:56:3D,-90,2016,1,28,18,10,32
F4:B8:5E:DC:B5:DD,-84,2016,1,28,18,10,32
F4:B8:5E:C4:56:3D,-87,2016,1,28,18,11,3
F4:B8:5E:DC:B5:DD,-74,2016,1,28,18,11,3
F4:B8:5E:C4:56:3D,-89,2016,1,28,18,11,34
F4:B8:5E:DC:B5:DD,-84,2016,1,28,18,11,34
F4:B8:5E:C4:56:3D,-91,2016,1,28,18,12,5
F4:B8:5E:DC:B5:DD,-70,2016,1,28,18,12,5
F4:B8:5E:C4:56:3D,-94,2016,1,28,18,12,36
F4:B8:5E:DC:B5:DD,-74,2016,1,28,18,12,36
F4:B8:5E:C4:56:3D,-92,2016,1,28,18,13,6
F4:B8:5E:DC:B5:DD,-74,2016,1,28,18,13,6
F4:B8:5E:C4:56:3D,-91,2016,1,28,18,13,36
F4:B8:5E:DC:B5:DD,-70,2016,1,28,18,13,36
F4:B8:5E:C4:56:3D,-92,2016,1,28,18,14,6
F4:B8:5E:DC:B5:DD,-83,2016,1,28,18,14,6
F4:B8:5E:C4:56:3D,-92,2016,1,28,18,14,36
F4:B8:5E:DC:B5:DD,-84,2016,1,28,18,14,37
F4:B8:5E:C4:56:3D,-96,2016,1,28,18,15,8
F4:B8:5E:DC:B5:DD,-85,2016,1,28,18,15,8
F4:B8:5E:C4:56:3D,-96,2016,1,28,18,15,38
F4:B8:5E:DC:B5:DD,-74,2016,1,28,18,15,38
F4:B8:5E:C4:56:3D,-91,2016,1,28,18,16,8
F4:B8:5E:DC:B5:DD,-70,2016,1,28,18,16,8
F4:B8:5E:C4:56:3D,-96,2016,1,28,18,16,39
F4:B8:5E:DC:B5:DD,-85,2016,1,28,18,16,39
F4:B8:5E:C4:56:3D,-96,2016,1,28,18,17,9
F4:B8:5E:DC:B5:DD,-70,2016,1,28,18,17,9
F4:B8:5E:C4:56:3D,-91,2016,1,28,18,17,40
F4:B8:5E:DC:B5:DD,-75,2016,1,28,18,17,40
F4:B8:5E:C4:56:3D,-91,2016,1,28,18,18,11
F4:B8:5E:DC:B5:DD,-70,2016,1,28,18,18,11
F4:B8:5E:C4:56:3D,-96,2016,1,28,18,18,41
F4:B8:5E:DC:B5:DD,-73,2016,1,28,18,18,41
F4:B8:5E:C4:56:3D,-91,2016,1,28,18,19,11
F4:B8:5E:DC:B5:DD,-74,2016,1,28,18,19,11
F4:B8:5E:C4:56:3D,-94,2016,1,28,18,19,41
F4:B8:5E:DC:B5:DD,-85,2016,1,28,18,19,41
F4:B8:5E:C4:56:3D,-90,2016,1,28,18,20,12
F4:B8:5E:DC:B5:DD,-70,2016,1,28,18,20,12
F4:B8:5E:C4:56:3D,-90,2016,1,28,18,20,43
F4:B8:5E:DC:B5:DD,-74,2016,1,28,18,20,43
F4:B8:5E:C4:56:3D,-93,2016,1,28,18,21,13
F4:B8:5E:DC:B5:DD,-70,2016,1,28,18,21,13
F4:B8:5E:C4:56:3D,-95,2016,1,28,18,21,44
F4:B8:5E:DC:B5:DD,-70,2016,1,28,18,21,44
F4:B8:5E:C4:56:3D,-94,2016,1,28,18,22,15
F4:B8:5E:DC:B5:DD,-84,2016,1,28,18,22,15
F4:B8:5E:C4:56:3D,-94,2016,1,28,18,22,45
F4:B8:5E:DC:B5:DD,-70,2016,1,28,18,22,45
F4:B8:5E:C4:56:3D,-88,2016,1,28,18,23,15
F4:B8:5E:DC:B5:DD,-70,2016,1,28,18,23,15
F4:B8:5E:C4:56:3D,-94,2016,1,28,18,23,45
F4:B8:5E:DC:B5:DD,-70,2016,1,28,18,23,45
F4:B8:5E:C4:56:3D,-94,2016,1,28,18,24,15
F4:B8:5E:DC:B5:DD,-84,2016,1,28,18,24,15
F4:B8:5E:C4:56:3D,-94,2016,1,28,18,24,45
F4:B8:5E:DC:B5:DD,-69,2016,1,28,18,24,45
F4:B8:5E:C4:56:3D,-95,2016,1,28,18,25,15
F4:B8:5E:DC:B5:DD,-70,2016,1,28,18,25,15
F4:B8:5E:C4:56:3D,-93,2016,1,28,18,25,46
F4:B8:5E:DC:B5:DD,-70,2016,1,28,18,25,46
F4:B8:5E:C4:56:3D,-95,2016,1,28,18,26,17
F4:B8:5E:DC:B5:DD,-70,2016,1,28,18,26,17
F4:B8:5E:C4:56:3D,-92,2016,1,28,18,26,48
F4:B8:5E:DC:B5:DD,-84,2016,1,28,18,26,48
F4:B8:5E:C4:56:3D,-94,2016,1,28,18,27,19
F4:B8:5E:DC:B5:DD,-83,2016,1,28,18,27,19
F4:B8:5E:C4:56:3D,-90,2016,1,28,18,27,49
F4:B8:5E:DC:B5:DD,-74,2016,1,28,18,27,49
F4:B8:5E:C4:56:3D,-91,2016,1,28,18,28,19
F4:B8:5E:DC:B5:DD,-73,2016,1,28,18,28,19
F4:B8:5E:C4:56:3D,-91,2016,1,28,18,28,49
F4:B8:5E:DC:B5:DD,-74,2016,1,28,18,28,49
F4:B8:5E:C4:56:3D,-93,2016,1,28,18,29,19
F4:B8:5E:DC:B5:DD,-73,2016,1,28,18,29,19
F4:B8:5E:C4:56:3D,-91,2016,1,28,18,29,49
F4:B8:5E:DC:B5:DD,-69,2016,1,28,18,29,49
F4:B8:5E:C4:56:3D,-91,2016,1,28,18,30,19
F4:B8:5E:DC:B5:DD,-83,2016,1,28,18,30,19
F4:B8:5E:C4:56:3D,-95,2016,1,28,18,30,49
F4:B8:5E:DC:B5:DD,-74,2016,1,28,18,30,49
F4:B8:5E:C4:56:3D,-91,2016,1,28,18,31,20
F4:B8:5E:DC:B5:DD,-70,2016,1,28,18,31,20
F4:B8:5E:C4:56:3D,-92,2016,1,28,18,31,51
F4:B8:5E:DC:B5:DD,-70,2016,1,28,18,31,51
F4:B8:5E:C4:56:3D,-90,2016,1,28,18,32,21
F4:B8:5E:DC:B5:DD,-83,2016,1,28,18,32,21
F4:B8:5E:C4:56:3D,-91,2016,1,28,18,32,52
F4:B8:5E:DC:B5:DD,-72,2016,1,28,18,32,52
F4:B8:5E:C4:56:3D,-91,2016,1,28,18,33,22
F4:B8:5E:DC:B5:DD,-69,2016,1,28,18,33,22
F4:B8:5E:C4:56:3D,-94,2016,1,28,18,33,53
F4:B8:5E:DC:B5:DD,-81,2016,1,28,18,33,53
F4:B8:5E:C4:56:3D,-95,2016,1,28,18,34,23
F4:B8:5E:DC:B5:DD,-69,2016,1,28,18,34,23
F4:B8:5E:C4:56:3D,-90,2016,1,28,18,34,54
F4:B8:5E:DC:B5:DD,-81,2016,1,28,18,34,54
F4:B8:5E:C4:56:3D,-90,2016,1,28,18,35,24
F4:B8:5E:DC:B5:DD,-81,2016,1,28,18,35,24
F4:B8:5E:C4:56:3D,-88,2016,1,28,18,35,54
F4:B8:5E:DC:B5:DD,-70,2016,1,28,18,35,54
F4:B8:5E:C4:56:3D,-96,2016,1,28,18,36,24
F4:B8:5E:DC:B5:DD,-69,2016,1,28,18,36,24
F4:B8:5E:C4:56:3D,-90,2016,1,28,18,36,56
F4:B8:5E:DC:B5:DD,-70,2016,1,28,18,36,56
F4:B8:5E:C4:56:3D,-92,2016,1,28,18,37,27
F4:B8:5E:DC:B5:DD,-73,2016,1,28,18,37,27
F4:B8:5E:C4:56:3D,-90,2016,1,28,18,37,58
F4:B8:5E:DC:B5:DD,-80,2016,1,28,18,37,58
F4:B8:5E:C4:56:3D,-92,2016,1,28,18,38,28
F4:B8:5E:DC:B5:DD,-69,2016,1,28,18,38,28
F4:B8:5E:C4:56:3D,-92,2016,1,28,18,38,59
F4:B8:5E:DC:B5:DD,-73,2016,1,28,18,38,59
F4:B8:5E:C4:56:3D,-93,2016,1,28,18,39,30
F4:B8:5E:DC:B5:DD,-70,2016,1,28,18,39,30
F4:B8:5E:C4:56:3D,-90,2016,1,28,18,40,0
F4:B8:5E:DC:B5:DD,-73,2016,1,28,18,40,0
F4:B8:5E:C4:56:3D,-92,2016,1,28,18,40,30
F4:B8:5E:DC:B5:DD,-74,2016,1,28,18,40,30
F4:B8:5E:C4:56:3D,-93,2016,1,28,18,41,1
F4:B8:5E:DC:B5:DD,-74,2016,1,28,18,41,1
F4:B8:5E:C4:56:3D,-90,2016,1,28,18,41,31
F4:B8:5E:DC:B5:DD,-74,2016,1,28,18,41,31
F4:B8:5E:C4:56:3D,-95,2016,1,28,18,42,2
F4:B8:5E:DC:B5:DD,-73,2016,1,28,18,42,2
F4:B8:5E:C4:56:3D,-89,2016,1,28,18,42,33
F4:B8:5E:DC:B5:DD,-73,2016,1,28,18,42,33
F4:B8:5E:C4:56:3D,-95,2016,1,28,18,43,4
F4:B8:5E:DC:B5:DD,-73,2016,1,28,18,43,4
F4:B8:5E:C4:56:3D,-91,2016,1,28,18,43,34
F4:B8:5E:DC:B5:DD,-81,2016,1,28,18,43,34
F4:B8:5E:C4:56:3D,-94,2016,1,28,18,44,4
F4:B8:5E:DC:B5:DD,-69,2016,1,28,18,44,4
F4:B8:5E:C4:56:3D,-89,2016,1,28,18,44,35
F4:B8:5E:DC:B5:DD,-69,2016,1,28,18,44,35
F4:B8:5E:C4:56:3D,-89,2016,1,28,18,45,5
F4:B8:5E:DC:B5:DD,-70,2016,1,28,18,45,5
F4:B8:5E:C4:56:3D,-89,2016,1,28,18,45,35
F4:B8:5E:DC:B5:DD,-70,2016,1,28,18,45,35
F4:B8:5E:C4:56:3D,-90,2016,1,28,18,46,6
F4:B8:5E:DC:B5:DD,-81,2016,1,28,18,46,6
F4:B8:5E:C4:56:3D,-89,2016,1,28,18,46,36
F4:B8:5E:DC:B5:DD,-83,2016,1,28,18,46,36
F4:B8:5E:C4:56:3D,-92,2016,1,28,18,47,6
F4:B8:5E:DC:B5:DD,-83,2016,1,28,18,47,6
F4:B8:5E:C4:56:3D,-91,2016,1,28,18,47,37
F4:B8:5E:DC:B5:DD,-73,2016,1,28,18,47,37
F4:B8:5E:C4:56:3D,-89,2016,1,28,18,48,7
F4:B8:5E:DC:B5:DD,-73,2016,1,28,18,48,7
F4:B8:5E:C4:56:3D,-94,2016,1,28,18,48,37
F4:B8:5E:DC:B5:DD,-81,2016,1,28,18,48,37
F4:B8:5E:C4:56:3D,-92,2016,1,28,18,49,7
F4:B8:5E:DC:B5:DD,-81,2016,1,28,18,49,7
F4:B8:5E:C4:56:3D,-95,2016,1,28,18,49,38
F4:B8:5E:DC:B5:DD,-72,2016,1,28,18,49,38
F4:B8:5E:C4:56:3D,-89,2016,1,28,18,50,9
F4:B8:5E:DC:B5:DD,-69,2016,1,28,18,50,9
F4:B8:5E:C4:56:3D,-95,2016,1,28,18,50,39
F4:B8:5E:DC:B5:DD,-82,2016,1,28,18,50,39
F4:B8:5E:C4:56:3D,-89,2016,1,28,18,51,10
F4:B8:5E:DC:B5:DD,-73,2016,1,28,18,51,10
F4:B8:5E:C4:56:3D,-95,2016,1,28,18,51,41
F4:B8:5E:DC:B5:DD,-69,2016,1,28,18,51,41
F4:B8:5E:C4:56:3D,-90,2016,1,28,18,52,11
F4:B8:5E:DC:B5:DD,-69,2016,1,28,18,52,11
F4:B8:5E:C4:56:3D,-95,2016,1,28,18,52,42
F4:B8:5E:DC:B5:DD,-69,2016,1,28,18,52,42
F4:B8:5E:C4:56:3D,-90,2016,1,28,18,53,12
F4:B8:5E:DC:B5:DD,-81,2016,1,28,18,53,12
F4:B8:5E:C4:56:3D,-95,2016,1,28,18,53,43
F4:B8:5E:DC:B5:DD,-70,2016,1,28,18,53,43
F4:B8:5E:C4:56:3D,-96,2016,1,28,18,54,13
F4:B8:5E:DC:B5:DD,-69,2016,1,28,18,54,13
F4:B8:5E:C4:56:3D,-96,2016,1,28,18,54,43
F4:B8:5E:DC:B5:DD,-69,2016,1,28,18,54,43
F4:B8:5E:C4:56:3D,-99,2016,1,28,18,55,14
F4:B8:5E:DC:B5:DD,-82,2016,1,28,18,55,14
F4:B8:5E:C4:56:3D,-100,2016,1,28,18,55,45
F4:B8:5E:DC:B5:DD,-69,2016,1,28,18,55,45
F4:B8:5E:C4:56:3D,-97,2016,1,28,18,56,16
F4:B8:5E:DC:B5:DD,-81,2016,1,28,18,56,16
F4:B8:5E:C4:56:3D,-94,2016,1,28,18,56,47
F4:B8:5E:DC:B5:DD,-70,2016,1,28,18,56,47
F4:B8:5E:DC:B5:DD,-80,2016,1,28,18,57,17
F4:B8:5E:DC:B5:DD,-81,2016,1,28,18,57,48
F4:B8:5E:DC:B5:DD,-81,2016,1,28,18,58,19
F4:B8:5E:DC:B5:DD,-69,2016,1,28,18,58,49
F4:B8:5E:C4:56:3D,-98,2016,1,28,18,59,19
F4:B8:5E:DC:B5:DD,-81,2016,1,28,18,59,19
F4:B8:5E:DC:B5:DD,-83,2016,1,28,18,59,49
F4:B8:5E:C4:56:3D,-98,2016,1,28,19,0,19
F4:B8:5E:DC:B5:DD,-82,2016,1,28,19,0,19
F4:B8:5E:DC:B5:DD,-82,2016,1,28,19,0,50
F4:B8:5E:C4:56:3D,-95,2016,1,28,19,1,21
F4:B8:5E:DC:B5:DD,-82,2016,1,28,19,1,21
F4:B8:5E:C4:56:3D,-94,2016,1,28,19,1,51
F4:B8:5E:DC:B5:DD,-70,2016,1,28,19,1,51
F4:B8:5E:C4:56:3D,-95,2016,1,28,19,2,21
F4:B8:5E:DC:B5:DD,-73,2016,1,28,19,2,21
F4:B8:5E:DC:B5:DD,-73,2016,1,28,19,2,52
F4:B8:5E:DC:B5:DD,-73,2016,1,28,19,3,23
F4:B8:5E:C4:56:3D,-91,2016,1,28,19,3,53
F4:B8:5E:DC:B5:DD,-73,2016,1,28,19,3,53
F4:B8:5E:C4:56:3D,-98,2016,1,28,19,4,24
F4:B8:5E:DC:B5:DD,-82,2016,1,28,19,4,24
F4:B8:5E:DC:B5:DD,-73,2016,1,28,19,4,54
F4:B8:5E:C4:56:3D,-98,2016,1,28,19,5,24
F4:B8:5E:DC:B5:DD,-73,2016,1,28,19,5,24
F4:B8:5E:DC:B5:DD,-73,2016,1,28,19,5,55
F4:B8:5E:DC:B5:DD,-73,2016,1,28,19,6,25
F4:B8:5E:C4:56:3D,-99,2016,1,28,19,6,55
F4:B8:5E:DC:B5:DD,-83,2016,1,28,19,6,55
F4:B8:5E:C4:56:3D,-96,2016,1,28,19,7,26
F4:B8:5E:DC:B5:DD,-73,2016,1,28,19,7,26
F4:B8:5E:C4:56:3D,-97,2016,1,28,19,7,57
F4:B8:5E:DC:B5:DD,-73,2016,1,28,19,7,57
F4:B8:5E:C4:56:3D,-99,2016,1,28,19,8,27
F4:B8:5E:DC:B5:DD,-73,2016,1,28,19,8,27
F4:B8:5E:C4:56:3D,-96,2016,1,28,19,8,58
F4:B8:5E:DC:B5:DD,-70,2016,1,28,19,8,58
F4:B8:5E:C4:56:3D,-97,2016,1,28,19,9,29
F4:B8:5E:DC:B5:DD,-70,2016,1,28,19,9,29
F4:B8:5E:C4:56:3D,-98,2016,1,28,19,9,59
F4:B8:5E:DC:B5:DD,-73,2016,1,28,19,9,59
F4:B8:5E:C4:56:3D,-100,2016,1,28,19,10,30
F4:B8:5E:DC:B5:DD,-73,2016,1,28,19,10,30
F4:B8:5E:DC:B5:DD,-70,2016,1,28,19,11,0
F4:B8:5E:DC:B5:DD,-73,2016,1,28,19,11,31
F4:B8:5E:DC:B5:DD,-82,2016,1,28,19,12,2
F4:B8:5E:DC:B5:DD,-70,2016,1,28,19,12,33
F4:B8:5E:C4:56:3D,-98,2016,1,28,19,13,4
F4:B8:5E:DC:B5:DD,-73,2016,1,28,19,13,4
F4:B8:5E:DC:B5:DD,-73,2016,1,28,19,13,35
F4:B8:5E:C4:56:3D,-100,2016,1,28,19,14,6
F4:B8:5E:DC:B5:DD,-73,2016,1,28,19,14,6
F4:B8:5E:DC:B5:DD,-69,2016,1,28,19,14,37
F4:B8:5E:C4:56:3D,-98,2016,1,28,19,15,7
F4:B8:5E:DC:B5:DD,-81,2016,1,28,19,15,7
F4:B8:5E:C4:56:3D,-98,2016,1,28,19,15,37
F4:B8:5E:DC:B5:DD,-70,2016,1,28,19,15,37
F4:B8:5E:DC:B5:DD,-73,2016,1,28,19,16,7
F4:B8:5E:DC:B5:DD,-69,2016,1,28,19,16,38
F4:B8:5E:DC:B5:DD,-69,2016,1,28,19,17,9
F4:B8:5E:C4:56:3D,-99,2016,1,28,19,17,40
F4:B8:5E:DC:B5:DD,-70,2016,1,28,19,17,40
F4:B8:5E:C4:56:3D,-98,2016,1,28,19,18,11
F4:B8:5E:DC:B5:DD,-73,2016,1,28,19,18,11
F4:B8:5E:C4:56:3D,-98,2016,1,28,19,18,42
F4:B8:5E:DC:B5:DD,-69,2016,1,28,19,18,42
F4:B8:5E:C4:56:3D,-97,2016,1,28,19,19,13
F4:B8:5E:DC:B5:DD,-69,2016,1,28,19,19,13
F4:B8:5E:DC:B5:DD,-82,2016,1,28,19,19,44
F4:B8:5E:C4:56:3D,-97,2016,1,28,19,20,14
F4:B8:5E:DC:B5:DD,-83,2016,1,28,19,20,14
F4:B8:5E:DC:B5:DD,-73,2016,1,28,19,20,44
F4:B8:5E:DC:B5:DD,-82,2016,1,28,19,21,14
F4:B8:5E:DC:B5:DD,-82,2016,1,28,19,21,44
F4:B8:5E:C4:56:3D,-96,2016,1,28,19,22,15
F4:B8:5E:DC:B5:DD,-82,2016,1,28,19,22,15
F4:B8:5E:DC:B5:DD,-70,2016,1,28,19,22,46
F4:B8:5E:C4:56:3D,-93,2016,1,28,19,23,17
F4:B8:5E:DC:B5:DD,-73,2016,1,28,19,23,17
F4:B8:5E:C4:56:3D,-97,2016,1,28,19,23,47
F4:B8:5E:DC:B5:DD,-73,2016,1,28,19,23,47
F4:B8:5E:C4:56:3D,-96,2016,1,28,19,24,18
F4:B8:5E:DC:B5:DD,-73,2016,1,28,19,24,18
F4:B8:5E:C4:56:3D,-95,2016,1,28,19,24,48
F4:B8:5E:DC:B5:DD,-82,2016,1,28,19,24,48
