F4:B8:5E:C4:5F:8C,-63,2016,1,27,18,20,3
F4:B8:5E:C4:5F:BE,-79,2016,1,27,18,20,3
F4:B8:5E:DD:42:D2,-83,2016,1,27,18,20,3
F4:B8:5E:C4:56:3D,-73,2016,1,27,18,20,3
F4:B8:5E:DC:B5:DD,-67,2016,1,27,18,20,3
F4:B8:5E:C4:5F:8C,-68,2016,1,27,18,20,34
F4:B8:5E:C4:5F:BE,-79,2016,1,27,18,20,34
F4:B8:5E:DD:42:D2,-82,2016,1,27,18,20,34
F4:B8:5E:C4:56:3D,-75,2016,1,27,18,20,34
F4:B8:5E:DC:B5:DD,-68,2016,1,27,18,20,34
F4:B8:5E:C4:5F:8C,-73,2016,1,27,18,21,5
F4:B8:5E:C4:5F:BE,-82,2016,1,27,18,21,5
F4:B8:5E:DD:42:D2,-68,2016,1,27,18,21,5
F4:B8:5E:C4:56:3D,-76,2016,1,27,18,21,5
F4:B8:5E:DC:B5:DD,-62,2016,1,27,18,21,5
F4:B8:5E:C4:5F:BE,-82,2016,1,28,7,38,22
F4:B8:5E:C4:5F:8C,-67,2016,1,28,7,38,22
F4:B8:5E:DD:42:D2,-68,2016,1,28,7,38,22
F4:B8:5E:C4:56:3D,-73,2016,1,28,7,38,22
F4:B8:5E:DC:B5:DD,-62,2016,1,28,7,38,22
F4:B8:5E:C4:5F:BE,-79,2016,1,28,7,38,53
F4:B8:5E:C4:5F:8C,-68,2016,1,28,7,38,53
F4:B8:5E:DD:42:D2,-69,2016,1,28,7,38,53
F4:B8:5E:C4:56:3D,-73,2016,1,28,7,38,53
F4:B8:5E:DC:B5:DD,-65,2016,1,28,7,38,53
F4:B8:5E:C4:5F:8C,-91,2016,1,28,7,39,24
F4:B8:5E:C4:5F:BE,-74,2016,1,28,7,39,24
F4:B8:5E:DD:42:D2,-68,2016,1,28,7,39,24
F4:B8:5E:C4:56:3D,-76,2016,1,28,7,39,24
F4:B8:5E:DC:B5:DD,-87,2016,1,28,7,39,24
F4:B8:5E:C4:5F:BE,-87,2016,1,28,7,39,54
F4:B8:5E:C4:5F:8C,-82,2016,1,28,7,39,54
F4:B8:5E:DD:42:D2,-70,2016,1,28,7,39,54
F4:B8:5E:C4:56:3D,-87,2016,1,28,7,39,54
F4:B8:5E:DC:B5:DD,-90,2016,1,28,7,39,54
F4:B8:5E:C4:5F:8C,-87,2016,1,28,7,40,24
F4:B8:5E:C4:5F:BE,-84,2016,1,28,7,40,24
F4:B8:5E:DD:42:D2,-90,2016,1,28,7,40,24
F4:B8:5E:C4:56:3D,-83,2016,1,28,7,40,24
F4:B8:5E:DC:B5:DD,-86,2016,1,28,7,40,24
F4:B8:5E:C4:5F:BE,-92,2016,1,28,7,40,55
F4:B8:5E:C4:5F:8C,-88,2016,1,28,7,40,55
F4:B8:5E:DD:42:D2,-87,2016,1,28,7,40,55
F4:B8:5E:C4:56:3D,-88,2016,1,28,7,40,55
F4:B8:5E:DC:B5:DD,-86,2016,1,28,7,40,55
F4:B8:5E:C4:5F:8C,-90,2016,1,28,7,41,25
F4:B8:5E:DD:42:D2,-88,2016,1,28,7,41,25
F4:B8:5E:C4:56:3D,-87,2016,1,28,7,41,25
F4:B8:5E:DC:B5:DD,-88,2016,1,28,7,41,25
F4:B8:5E:C4:5F:BE,-97,2016,1,28,7,41,55
F4:B8:5E:C4:5F:8C,-90,2016,1,28,7,41,55
F4:B8:5E:DD:42:D2,-92,2016,1,28,7,41,55
F4:B8:5E:C4:56:3D,-92,2016,1,28,7,41,55
F4:B8:5E:DC:B5:DD,-88,2016,1,28,7,41,55
F4:B8:5E:C4:5F:8C,-90,2016,1,28,7,42,25
F4:B8:5E:C4:5F:BE,-97,2016,1,28,7,42,25
F4:B8:5E:DD:42:D2,-93,2016,1,28,7,42,25
F4:B8:5E:C4:56:3D,-85,2016,1,28,7,42,25
F4:B8:5E:DC:B5:DD,-86,2016,1,28,7,42,25
F4:B8:5E:C4:5F:8C,-90,2016,1,28,7,42,56
F4:B8:5E:C4:5F:BE,-87,2016,1,28,7,42,56
F4:B8:5E:DD:42:D2,-95,2016,1,28,7,42,56
F4:B8:5E:C4:56:3D,-95,2016,1,28,7,42,56
F4:B8:5E:DC:B5:DD,-85,2016,1,28,7,42,56
F4:B8:5E:C4:5F:BE,-97,2016,1,28,7,43,26
F4:B8:5E:C4:5F:8C,-88,2016,1,28,7,43,26
F4:B8:5E:DD:42:D2,-87,2016,1,28,7,43,26
F4:B8:5E:C4:56:3D,-95,2016,1,28,7,43,26
F4:B8:5E:DC:B5:DD,-87,2016,1,28,7,43,26
F4:B8:5E:C4:5F:8C,-87,2016,1,28,7,43,57
F4:B8:5E:C4:5F:BE,-89,2016,1,28,7,43,57
F4:B8:5E:DD:42:D2,-96,2016,1,28,7,43,57
F4:B8:5E:C4:56:3D,-92,2016,1,28,7,43,57
F4:B8:5E:DC:B5:DD,-86,2016,1,28,7,43,57
F4:B8:5E:C4:5F:BE,-90,2016,1,28,7,44,28
F4:B8:5E:C4:5F:8C,-86,2016,1,28,7,44,28
F4:B8:5E:DD:42:D2,-87,2016,1,28,7,44,28
F4:B8:5E:C4:56:3D,-85,2016,1,28,7,44,28
F4:B8:5E:DC:B5:DD,-86,2016,1,28,7,44,28
F4:B8:5E:C4:5F:8C,-93,2016,1,28,7,44,58
F4:B8:5E:C4:5F:BE,-87,2016,1,28,7,44,58
F4:B8:5E:DD:42:D2,-88,2016,1,28,7,44,58
F4:B8:5E:C4:56:3D,-84,2016,1,28,7,44,58
F4:B8:5E:DC:B5:DD,-86,2016,1,28,7,44,58
F4:B8:5E:C4:5F:8C,-89,2016,1,28,7,45,29
F4:B8:5E:C4:5F:BE,-88,2016,1,28,7,45,29
F4:B8:5E:DD:42:D2,-91,2016,1,28,7,45,29
F4:B8:5E:C4:56:3D,-83,2016,1,28,7,45,29
F4:B8:5E:DC:B5:DD,-86,2016,1,28,7,45,29
F4:B8:5E:C4:5F:8C,-87,2016,1,28,7,45,59
F4:B8:5E:C4:5F:BE,-93,2016,1,28,7,45,59
F4:B8:5E:DD:42:D2,-87,2016,1,28,7,45,59
F4:B8:5E:C4:56:3D,-86,2016,1,28,7,45,59
F4:B8:5E:DC:B5:DD,-89,2016,1,28,7,45,59
F4:B8:5E:C4:5F:BE,-97,2016,1,28,7,46,30
F4:B8:5E:C4:5F:8C,-85,2016,1,28,7,46,30
F4:B8:5E:DD:42:D2,-89,2016,1,28,7,46,30
F4:B8:5E:C4:56:3D,-89,2016,1,28,7,46,30
F4:B8:5E:DC:B5:DD,-87,2016,1,28,7,46,30
F4:B8:5E:C4:5F:8C,-85,2016,1,28,7,47,0
F4:B8:5E:C4:5F:BE,-94,2016,1,28,7,47,0
F4:B8:5E:DD:42:D2,-88,2016,1,28,7,47,0
F4:B8:5E:C4:56:3D,-90,2016,1,28,7,47,0
F4:B8:5E:DC:B5:DD,-85,2016,1,28,7,47,0
F4:B8:5E:C4:5F:8C,-85,2016,1,28,7,47,30
F4:B8:5E:C4:5F:BE,-94,2016,1,28,7,47,30
F4:B8:5E:DD:42:D2,-89,2016,1,28,7,47,30
F4:B8:5E:C4:56:3D,-85,2016,1,28,7,47,30
F4:B8:5E:DC:B5:DD,-85,2016,1,28,7,47,30
F4:B8:5E:C4:5F:8C,-87,2016,1,28,7,48,0
F4:B8:5E:C4:5F:BE,-84,2016,1,28,7,48,0
F4:B8:5E:DD:42:D2,-88,2016,1,28,7,48,0
F4:B8:5E:C4:56:3D,-90,2016,1,28,7,48,0
F4:B8:5E:DC:B5:DD,-87,2016,1,28,7,48,0
F4:B8:5E:C4:5F:8C,-87,2016,1,28,7,48,30
F4:B8:5E:C4:5F:BE,-84,2016,1,28,7,48,30
F4:B8:5E:DD:42:D2,-88,2016,1,28,7,48,30
F4:B8:5E:C4:56:3D,-89,2016,1,28,7,48,30
F4:B8:5E:DC:B5:DD,-85,2016,1,28,7,48,30
F4:B8:5E:C4:5F:BE,-100,2016,1,28,7,49,1
F4:B8:5E:C4:5F:8C,-86,2016,1,28,7,49,1
F4:B8:5E:DD:42:D2,-87,2016,1,28,7,49,1
F4:B8:5E:C4:56:3D,-91,2016,1,28,7,49,1
F4:B8:5E:DC:B5:DD,-89,2016,1,28,7,49,1
F4:B8:5E:C4:5F:BE,-96,2016,1,28,7,49,32
F4:B8:5E:C4:5F:8C,-86,2016,1,28,7,49,32
F4:B8:5E:DD:42:D2,-87,2016,1,28,7,49,32
F4:B8:5E:C4:56:3D,-90,2016,1,28,7,49,32
F4:B8:5E:DC:B5:DD,-87,2016,1,28,7,49,32
F4:B8:5E:C4:5F:8C,-87,2016,1,28,7,50,3
F4:B8:5E:C4:5F:BE,-82,2016,1,28,7,50,3
F4:B8:5E:DD:42:D2,-86,2016,1,28,7,50,3
F4:B8:5E:C4:56:3D,-91,2016,1,28,7,50,3
F4:B8:5E:DC:B5:DD,-88,2016,1,28,7,50,3
F4:B8:5E:C4:5F:8C,-83,2016,1,28,7,50,34
F4:B8:5E:C4:5F:BE,-93,2016,1,28,7,50,34
F4:B8:5E:DD:42:D2,-87,2016,1,28,7,50,34
F4:B8:5E:C4:56:3D,-83,2016,1,28,7,50,34
F4:B8:5E:DC:B5:DD,-86,2016,1,28,7,50,34
F4:B8:5E:C4:5F:8C,-75,2016,1,28,7,51,5
F4:B8:5E:C4:5F:BE,-79,2016,1,28,7,51,5
F4:B8:5E:DD:42:D2,-86,2016,1,28,7,51,5
F4:B8:5E:C4:56:3D,-81,2016,1,28,7,51,5
F4:B8:5E:DC:B5:DD,-80,2016,1,28,7,51,5
F4:B8:5E:C4:5F:BE,-83,2016,1,28,7,51,36
F4:B8:5E:C4:5F:8C,-73,2016,1,28,7,51,36
F4:B8:5E:DD:42:D2,-84,2016,1,28,7,51,36
F4:B8:5E:C4:56:3D,-71,2016,1,28,7,51,36
F4:B8:5E:DC:B5:DD,-76,2016,1,28,7,51,36
F4:B8:5E:C4:5F:BE,-87,2016,1,28,7,52,7
F4:B8:5E:C4:5F:8C,-93,2016,1,28,7,52,7
F4:B8:5E:DD:42:D2,-89,2016,1,28,7,52,7
F4:B8:5E:C4:56:3D,-92,2016,1,28,7,52,7
F4:B8:5E:DC:B5:DD,-89,2016,1,28,7,52,7
F4:B8:5E:C4:5F:8C,-91,2016,1,28,7,52,37
F4:B8:5E:C4:5F:BE,-87,2016,1,28,7,52,37
F4:B8:5E:DD:42:D2,-90,2016,1,28,7,52,37
F4:B8:5E:C4:56:3D,-93,2016,1,28,7,52,37
F4:B8:5E:DC:B5:DD,-91,2016,1,28,7,52,37
F4:B8:5E:C4:5F:8C,-94,2016,1,28,7,53,8
F4:B8:5E:C4:5F:BE,-85,2016,1,28,7,53,8
F4:B8:5E:DD:42:D2,-89,2016,1,28,7,53,8
F4:B8:5E:C4:56:3D,-95,2016,1,28,7,53,8
F4:B8:5E:DC:B5:DD,-83,2016,1,28,7,53,8
F4:B8:5E:C4:5F:8C,-96,2016,1,28,7,53,38
F4:B8:5E:C4:5F:BE,-86,2016,1,28,7,53,38
F4:B8:5E:DD:42:D2,-99,2016,1,28,7,53,38
F4:B8:5E:C4:56:3D,-91,2016,1,28,7,53,38
F4:B8:5E:DC:B5:DD,-90,2016,1,28,7,53,38
F4:B8:5E:C4:5F:8C,-95,2016,1,28,7,54,9
F4:B8:5E:C4:5F:BE,-85,2016,1,28,7,54,9
F4:B8:5E:DD:42:D2,-90,2016,1,28,7,54,9
F4:B8:5E:C4:56:3D,-93,2016,1,28,7,54,9
F4:B8:5E:DC:B5:DD,-83,2016,1,28,7,54,9
F4:B8:5E:C4:5F:8C,-94,2016,1,28,7,54,40
F4:B8:5E:C4:5F:BE,-86,2016,1,28,7,54,40
F4:B8:5E:DD:42:D2,-89,2016,1,28,7,54,40
F4:B8:5E:C4:56:3D,-92,2016,1,28,7,54,40
F4:B8:5E:DC:B5:DD,-83,2016,1,28,7,54,40
F4:B8:5E:C4:5F:8C,-96,2016,1,28,7,55,11
F4:B8:5E:C4:5F:BE,-88,2016,1,28,7,55,11
F4:B8:5E:DD:42:D2,-98,2016,1,28,7,55,11
F4:B8:5E:C4:56:3D,-95,2016,1,28,7,55,11
F4:B8:5E:DC:B5:DD,-91,2016,1,28,7,55,11
F4:B8:5E:C4:5F:8C,-93,2016,1,28,7,55,42
F4:B8:5E:C4:5F:BE,-79,2016,1,28,7,55,42
F4:B8:5E:DD:42:D2,-96,2016,1,28,7,55,42
F4:B8:5E:C4:56:3D,-94,2016,1,28,7,55,42
F4:B8:5E:DC:B5:DD,-90,2016,1,28,7,55,42
F4:B8:5E:C4:5F:BE,-88,2016,1,28,7,56,12
F4:B8:5E:C4:5F:8C,-94,2016,1,28,7,56,12
F4:B8:5E:DD:42:D2,-96,2016,1,28,7,56,12
F4:B8:5E:C4:56:3D,-92,2016,1,28,7,56,12
F4:B8:5E:DC:B5:DD,-90,2016,1,28,7,56,12
F4:B8:5E:C4:5F:BE,-90,2016,1,28,7,56,42
F4:B8:5E:C4:5F:8C,-93,2016,1,28,7,56,42
F4:B8:5E:DD:42:D2,-93,2016,1,28,7,56,42
F4:B8:5E:C4:56:3D,-91,2016,1,28,7,56,42
F4:B8:5E:DC:B5:DD,-91,2016,1,28,7,56,42
F4:B8:5E:C4:5F:8C,-91,2016,1,28,7,57,13
F4:B8:5E:C4:5F:BE,-98,2016,1,28,7,57,13
F4:B8:5E:DD:42:D2,-97,2016,1,28,7,57,13
F4:B8:5E:C4:56:3D,-90,2016,1,28,7,57,13
F4:B8:5E:DC:B5:DD,-88,2016,1,28,7,57,13
F4:B8:5E:C4:5F:BE,-95,2016,1,28,7,57,43
F4:B8:5E:C4:5F:8C,-91,2016,1,28,7,57,43
F4:B8:5E:DD:42:D2,-96,2016,1,28,7,57,43
F4:B8:5E:C4:56:3D,-86,2016,1,28,7,57,43
F4:B8:5E:DC:B5:DD,-91,2016,1,28,7,57,43
F4:B8:5E:C4:5F:8C,-99,2016,1,28,7,58,13
F4:B8:5E:DD:42:D2,-96,2016,1,28,7,58,13
F4:B8:5E:C4:56:3D,-93,2016,1,28,7,58,13
F4:B8:5E:DC:B5:DD,-89,2016,1,28,7,58,13
F4:B8:5E:C4:5F:8C,-93,2016,1,28,7,58,44
F4:B8:5E:C4:5F:BE,-95,2016,1,28,7,58,44
F4:B8:5E:DD:42:D2,-96,2016,1,28,7,58,44
F4:B8:5E:C4:56:3D,-92,2016,1,28,7,58,44
F4:B8:5E:DC:B5:DD,-91,2016,1,28,7,58,44
F4:B8:5E:C4:5F:8C,-97,2016,1,28,7,59,15
F4:B8:5E:C4:5F:BE,-94,2016,1,28,7,59,15
F4:B8:5E:DD:42:D2,-90,2016,1,28,7,59,15
F4:B8:5E:C4:56:3D,-93,2016,1,28,7,59,15
F4:B8:5E:DC:B5:DD,-91,2016,1,28,7,59,15
F4:B8:5E:DD:42:D2,-88,2016,1,28,7,59,46
F4:B8:5E:C4:56:3D,-93,2016,1,28,7,59,46
F4:B8:5E:DC:B5:DD,-93,2016,1,28,7,59,46
F4:B8:5E:C4:5F:8C,-97,2016,1,28,8,0,17
F4:B8:5E:DD:42:D2,-94,2016,1,28,8,0,17
F4:B8:5E:C4:56:3D,-86,2016,1,28,8,0,17
F4:B8:5E:DC:B5:DD,-88,2016,1,28,8,0,17
F4:B8:5E:C4:5F:8C,-96,2016,1,28,8,0,47
F4:B8:5E:DD:42:D2,-95,2016,1,28,8,0,47
F4:B8:5E:C4:56:3D,-87,2016,1,28,8,0,47
F4:B8:5E:DC:B5:DD,-95,2016,1,28,8,0,47
F4:B8:5E:C4:5F:BE,-94,2016,1,28,8,1,18
F4:B8:5E:C4:5F:8C,-92,2016,1,28,8,1,18
F4:B8:5E:DD:42:D2,-97,2016,1,28,8,1,18
F4:B8:5E:C4:56:3D,-90,2016,1,28,8,1,18
F4:B8:5E:DC:B5:DD,-95,2016,1,28,8,1,18
F4:B8:5E:C4:5F:BE,-94,2016,1,28,8,1,48
F4:B8:5E:C4:5F:8C,-96,2016,1,28,8,1,48
F4:B8:5E:DD:42:D2,-97,2016,1,28,8,1,48
F4:B8:5E:C4:56:3D,-94,2016,1,28,8,1,48
F4:B8:5E:DC:B5:DD,-85,2016,1,28,8,1,48
F4:B8:5E:C4:5F:8C,-95,2016,1,28,8,2,18
F4:B8:5E:C4:5F:BE,-90,2016,1,28,8,2,18
F4:B8:5E:DD:42:D2,-94,2016,1,28,8,2,18
F4:B8:5E:C4:56:3D,-93,2016,1,28,8,2,18
F4:B8:5E:DC:B5:DD,-91,2016,1,28,8,2,18
F4:B8:5E:C4:5F:8C,-96,2016,1,28,8,2,48
F4:B8:5E:C4:5F:BE,-84,2016,1,28,8,2,48
F4:B8:5E:DD:42:D2,-92,2016,1,28,8,2,48
F4:B8:5E:C4:56:3D,-96,2016,1,28,8,2,48
F4:B8:5E:DC:B5:DD,-87,2016,1,28,8,2,48
F4:B8:5E:DD:42:D2,-98,2016,1,28,8,3,19
F4:B8:5E:C4:56:3D,-95,2016,1,28,16,35,32
F4:B8:5E:DC:B5:DD,-85,2016,1,28,16,35,32
F4:B8:5E:C4:56:3D,-73,2016,1,28,16,36,3
F4:B8:5E:DC:B5:DD,-96,2016,1,28,16,36,3
F4:B8:5E:C4:56:3D,-79,2016,1,28,16,36,33
F4:B8:5E:C4:56:3D,-75,2016,1,28,16,37,3
F4:B8:5E:DC:B5:DD,-96,2016,1,28,16,37,3
F4:B8:5E:C4:56:3D,-75,2016,1,28,16,37,34
F4:B8:5E:C4:56:3D,-74,2016,1,28,16,38,5
F4:B8:5E:C4:56:3D,-79,2016,1,28,16,38,36
F4:B8:5E:C4:56:3D,-76,2016,1,28,16,39,6
F4:B8:5E:DC:B5:DD,-92,2016,1,28,16,39,6
F4:B8:5E:C4:56:3D,-79,2016,1,28,16,39,36
F4:B8:5E:C4:56:3D,-88,2016,1,28,16,40,6
F4:B8:5E:C4:56:3D,-90,2016,1,28,16,40,36
F4:B8:5E:C4:56:3D,-89,2016,1,28,16,41,7
F4:B8:5E:C4:56:3D,-98,2016,1,28,16,41,38
F4:B8:5E:C4:56:3D,-86,2016,1,28,16,42,8
F4:B8:5E:C4:56:3D,-85,2016,1,28,16,42,38
F4:B8:5E:C4:56:3D,-91,2016,1,28,16,43,8
F4:B8:5E:C4:56:3D,-86,2016,1,28,16,43,38
F4:B8:5E:C4:56:3D,-91,2016,1,28,16,44,8
F4:B8:5E:C4:56:3D,-98,2016,1,28,16,44,38
F4:B8:5E:C4:56:3D,-92,2016,1,28,16,45,8
F4:B8:5E:C4:56:3D,-91,2016,1,28,16,45,38
F4:B8:5E:C4:56:3D,-92,2016,1,28,16,46,9
F4:B8:5E:C4:56:3D,-90,2016,1,28,16,46,40
F4:B8:5E:C4:56:3D,-87,2016,1,28,16,47,11
F4:B8:5E:C4:56:3D,-88,2016,1,28,16,47,42
F4:B8:5E:C4:56:3D,-92,2016,1,28,16,48,12
F4:B8:5E:C4:56:3D,-92,2016,1,28,16,48,42
F4:B8:5E:C4:56:3D,-96,2016,1,28,16,49,12
F4:B8:5E:C4:56:3D,-86,2016,1,28,16,49,43
F4:B8:5E:C4:56:3D,-92,2016,1,28,16,50,13
F4:B8:5E:C4:56:3D,-86,2016,1,28,16,50,43
F4:B8:5E:C4:56:3D,-92,2016,1,28,16,51,14
F4:B8:5E:C4:56:3D,-86,2016,1,28,16,51,45
F4:B8:5E:C4:56:3D,-92,2016,1,28,16,52,16
F4:B8:5E:C4:56:3D,-85,2016,1,28,16,52,47
F4:B8:5E:C4:56:3D,-95,2016,1,28,16,53,17
F4:B8:5E:C4:56:3D,-92,2016,1,28,16,53,48
F4:B8:5E:C4:56:3D,-86,2016,1,28,16,54,19
F4:B8:5E:C4:56:3D,-96,2016,1,28,16,54,50
F4:B8:5E:C4:56:3D,-86,2016,1,28,16,55,20
F4:B8:5E:C4:56:3D,-98,2016,1,28,16,55,50
F4:B8:5E:C4:56:3D,-93,2016,1,28,16,56,21
F4:B8:5E:C4:56:3D,-87,2016,1,28,16,56,52
F4:B8:5E:C4:56:3D,-92,2016,1,28,16,57,22
F4:B8:5E:C4:56:3D,-86,2016,1,28,16,57,53
F4:B8:5E:C4:56:3D,-87,2016,1,28,16,58,24
F4:B8:5E:C4:56:3D,-87,2016,1,28,16,58,55
F4:B8:5E:C4:56:3D,-87,2016,1,28,16,59,26
F4:B8:5E:C4:56:3D,-93,2016,1,28,16,59,56
F4:B8:5E:C4:56:3D,-93,2016,1,28,17,0,26
F4:B8:5E:C4:56:3D,-97,2016,1,28,17,0,56
F4:B8:5E:C4:56:3D,-96,2016,1,28,17,1,26
F4:B8:5E:C4:56:3D,-93,2016,1,28,17,1,57
F4:B8:5E:C4:56:3D,-85,2016,1,28,17,2,28
F4:B8:5E:C4:56:3D,-93,2016,1,28,17,2,59
F4:B8:5E:C4:56:3D,-87,2016,1,28,17,3,30
F4:B8:5E:C4:56:3D,-92,2016,1,28,17,4,1
F4:B8:5E:C4:56:3D,-95,2016,1,28,17,4,31
F4:B8:5E:C4:56:3D,-86,2016,1,28,17,5,1
F4:B8:5E:C4:56:3D,-85,2016,1,28,17,5,31
F4:B8:5E:C4:56:3D,-92,2016,1,28,17,6,1
F4:B8:5E:C4:56:3D,-86,2016,1,28,17,6,31
F4:B8:5E:C4:56:3D,-92,2016,1,28,17,7,2
F4:B8:5E:C4:56:3D,-85,2016,1,28,17,7,32
F4:B8:5E:C4:56:3D,-86,2016,1,28,17,8,2
F4:B8:5E:C4:56:3D,-93,2016,1,28,17,8,33
F4:B8:5E:C4:56:3D,-93,2016,1,28,17,9,3
F4:B8:5E:C4:56:3D,-86,2016,1,28,17,9,34
F4:B8:5E:C4:56:3D,-93,2016,1,28,17,10,4
F4:B8:5E:C4:56:3D,-86,2016,1,28,17,10,34
F4:B8:5E:C4:56:3D,-94,2016,1,28,17,11,4
F4:B8:5E:C4:56:3D,-85,2016,1,28,17,11,34
F4:B8:5E:C4:56:3D,-93,2016,1,28,17,12,5
F4:B8:5E:C4:56:3D,-85,2016,1,28,17,12,36
F4:B8:5E:C4:56:3D,-93,2016,1,28,17,13,7
F4:B8:5E:C4:56:3D,-84,2016,1,28,17,13,37
F4:B8:5E:C4:56:3D,-87,2016,1,28,17,14,7
F4:B8:5E:C4:56:3D,-87,2016,1,28,17,14,38
F4:B8:5E:C4:56:3D,-86,2016,1,28,17,15,8
F4:B8:5E:C4:56:3D,-93,2016,1,28,17,15,38
F4:B8:5E:C4:56:3D,-85,2016,1,28,17,16,8
F4:B8:5E:C4:56:3D,-85,2016,1,28,17,16,38
F4:B8:5E:C4:56:3D,-92,2016,1,28,17,17,9
F4:B8:5E:C4:56:3D,-85,2016,1,28,17,17,40
F4:B8:5E:C4:56:3D,-93,2016,1,28,17,18,11
F4:B8:5E:C4:56:3D,-99,2016,1,28,17,18,42
F4:B8:5E:C4:56:3D,-86,2016,1,28,17,19,13
F4:B8:5E:C4:56:3D,-85,2016,1,28,17,19,43
F4:B8:5E:C4:56:3D,-92,2016,1,28,17,20,14
F4:B8:5E:C4:56:3D,-86,2016,1,28,17,20,44
F4:B8:5E:C4:56:3D,-95,2016,1,28,17,21,14
F4:B8:5E:C4:56:3D,-85,2016,1,28,17,21,45
F4:B8:5E:C4:56:3D,-95,2016,1,28,17,22,15
F4:B8:5E:C4:56:3D,-87,2016,1,28,17,22,46
F4:B8:5E:C4:56:3D,-91,2016,1,28,17,23,17
F4:B8:5E:C4:56:3D,-85,2016,1,28,17,23,47
F4:B8:5E:C4:56:3D,-91,2016,1,28,17,24,18
F4:B8:5E:C4:56:3D,-92,2016,1,28,17,24,49
F4:B8:5E:C4:56:3D,-92,2016,1,28,17,25,19
F4:B8:5E:C4:56:3D,-96,2016,1,28,17,26,49
F4:B8:5E:C4:56:3D,-91,2016,1,28,17,27,19
F4:B8:5E:C4:56:3D,-97,2016,1,28,17,27,50
F4:B8:5E:C4:56:3D,-87,2016,1,28,17,28,20
F4:B8:5E:C4:56:3D,-86,2016,1,28,17,28,51
F4:B8:5E:C4:56:3D,-84,2016,1,28,17,29,22
F4:B8:5E:C4:56:3D,-87,2016,1,28,17,29,53
F4:B8:5E:C4:56:3D,-93,2016,1,28,17,30,24
F4:B8:5E:C4:56:3D,-87,2016,1,28,17,30,55
F4:B8:5E:C4:56:3D,-95,2016,1,28,17,31,25
F4:B8:5E:C4:56:3D,-95,2016,1,28,17,31,56
F4:B8:5E:C4:56:3D,-95,2016,1,28,17,32,26
F4:B8:5E:C4:56:3D,-94,2016,1,28,17,32,57
F4:B8:5E:C4:56:3D,-93,2016,1,28,17,33,28
F4:B8:5E:C4:56:3D,-95,2016,1,28,17,33,58
F4:B8:5E:C4:56:3D,-95,2016,1,28,17,34,29
F4:B8:5E:C4:56:3D,-86,2016,1,28,17,35,0
F4:B8:5E:C4:56:3D,-95,2016,1,28,17,35,31
F4:B8:5E:DC:B5:DD,-90,2016,1,28,17,35,31
F4:B8:5E:C4:56:3D,-85,2016,1,28,17,36,2
F4:B8:5E:DC:B5:DD,-88,2016,1,28,17,36,2
F4:B8:5E:C4:56:3D,-87,2016,1,28,17,36,33
F4:B8:5E:DC:B5:DD,-71,2016,1,28,17,36,33
F4:B8:5E:C4:56:3D,-87,2016,1,28,17,37,4
F4:B8:5E:DC:B5:DD,-71,2016,1,28,17,37,4
F4:B8:5E:C4:56:3D,-95,2016,1,28,17,37,34
F4:B8:5E:DC:B5:DD,-71,2016,1,28,17,37,34
F4:B8:5E:C4:56:3D,-94,2016,1,28,17,38,4
F4:B8:5E:DC:B5:DD,-71,2016,1,28,17,38,4
F4:B8:5E:C4:56:3D,-95,2016,1,28,17,38,35
F4:B8:5E:DC:B5:DD,-68,2016,1,28,17,38,35
F4:B8:5E:C4:56:3D,-92,2016,1,28,17,39,6
F4:B8:5E:DC:B5:DD,-68,2016,1,28,17,39,6
F4:B8:5E:C4:56:3D,-86,2016,1,28,17,39,37
F4:B8:5E:DC:B5:DD,-72,2016,1,28,17,39,37
F4:B8:5E:C4:56:3D,-90,2016,1,28,17,40,8
F4:B8:5E:DC:B5:DD,-72,2016,1,28,17,40,8
F4:B8:5E:C4:56:3D,-95,2016,1,28,17,40,39
F4:B8:5E:DC:B5:DD,-77,2016,1,28,17,40,39
F4:B8:5E:C4:56:3D,-89,2016,1,28,17,41,10
F4:B8:5E:DC:B5:DD,-77,2016,1,28,17,41,10
F4:B8:5E:C4:56:3D,-90,2016,1,28,17,41,41
F4:B8:5E:DC:B5:DD,-71,2016,1,28,17,41,41
F4:B8:5E:C4:56:3D,-95,2016,1,28,17,42,11
F4:B8:5E:DC:B5:DD,-68,2016,1,28,17,42,11
F4:B8:5E:C4:56:3D,-89,2016,1,28,17,42,41
F4:B8:5E:DC:B5:DD,-68,2016,1,28,17,42,41
F4:B8:5E:C4:56:3D,-89,2016,1,28,17,43,11
F4:B8:5E:DC:B5:DD,-71,2016,1,28,17,43,11
F4:B8:5E:C4:56:3D,-89,2016,1,28,17,43,42
F4:B8:5E:DC:B5:DD,-77,2016,1,28,17,43,42
F4:B8:5E:C4:56:3D,-87,2016,1,28,17,44,13
F4:B8:5E:DC:B5:DD,-71,2016,1,28,17,44,13
F4:B8:5E:C4:56:3D,-85,2016,1,28,17,44,43
F4:B8:5E:DC:B5:DD,-70,2016,1,28,17,44,43
F4:B8:5E:C4:56:3D,-98,2016,1,28,17,45,14
F4:B8:5E:DC:B5:DD,-68,2016,1,28,17,45,14
F4:B8:5E:C4:56:3D,-88,2016,1,28,17,45,44
F4:B8:5E:DC:B5:DD,-70,2016,1,28,17,45,44
F4:B8:5E:C4:56:3D,-87,2016,1,28,17,46,15
F4:B8:5E:DC:B5:DD,-70,2016,1,28,17,46,15
F4:B8:5E:C4:56:3D,-91,2016,1,28,17,46,45
F4:B8:5E:DC:B5:DD,-76,2016,1,28,17,46,45
F4:B8:5E:C4:56:3D,-88,2016,1,28,17,47,16
F4:B8:5E:DC:B5:DD,-72,2016,1,28,17,47,16
F4:B8:5E:C4:56:3D,-87,2016,1,28,17,47,46
F4:B8:5E:DC:B5:DD,-71,2016,1,28,17,47,46
F4:B8:5E:C4:56:3D,-90,2016,1,28,17,48,16
F4:B8:5E:DC:B5:DD,-76,2016,1,28,17,48,16
F4:B8:5E:C4:56:3D,-91,2016,1,28,17,48,46
F4:B8:5E:DC:B5:DD,-66,2016,1,28,17,48,46
F4:B8:5E:C4:56:3D,-92,2016,1,28,17,49,17
F4:B8:5E:DC:B5:DD,-76,2016,1,28,17,49,17
F4:B8:5E:C4:56:3D,-86,2016,1,28,17,49,48
F4:B8:5E:DC:B5:DD,-71,2016,1,28,17,49,48
F4:B8:5E:C4:56:3D,-97,2016,1,28,17,50,19
F4:B8:5E:DC:B5:DD,-71,2016,1,28,17,50,19
F4:B8:5E:C4:56:3D,-92,2016,1,28,17,50,50
F4:B8:5E:DC:B5:DD,-71,2016,1,28,17,50,50
F4:B8:5E:C4:56:3D,-93,2016,1,28,17,51,21
F4:B8:5E:DC:B5:DD,-66,2016,1,28,17,51,21
F4:B8:5E:C4:56:3D,-92,2016,1,28,17,51,51
F4:B8:5E:DC:B5:DD,-68,2016,1,28,17,51,51
F4:B8:5E:C4:56:3D,-94,2016,1,28,17,52,21
F4:B8:5E:DC:B5:DD,-68,2016,1,28,17,52,21
F4:B8:5E:C4:56:3D,-86,2016,1,28,17,52,51
F4:B8:5E:DC:B5:DD,-76,2016,1,28,17,52,51
F4:B8:5E:C4:56:3D,-92,2016,1,28,17,53,21
F4:B8:5E:DC:B5:DD,-71,2016,1,28,17,53,21
F4:B8:5E:C4:56:3D,-92,2016,1,28,17,53,51
F4:B8:5E:DC:B5:DD,-71,2016,1,28,17,53,51
F4:B8:5E:C4:56:3D,-87,2016,1,28,17,54,22
F4:B8:5E:DC:B5:DD,-71,2016,1,28,17,54,22
F4:B8:5E:C4:56:3D,-88,2016,1,28,17,54,52
F4:B8:5E:DC:B5:DD,-76,2016,1,28,17,54,52
F4:B8:5E:C4:56:3D,-93,2016,1,28,17,55,22
F4:B8:5E:DC:B5:DD,-68,2016,1,28,17,55,22
F4:B8:5E:C4:56:3D,-90,2016,1,28,17,55,53
F4:B8:5E:DC:B5:DD,-76,2016,1,28,17,55,53
F4:B8:5E:C4:56:3D,-92,2016,1,28,17,56,24
F4:B8:5E:DC:B5:DD,-76,2016,1,28,17,56,24
F4:B8:5E:C4:56:3D,-91,2016,1,28,17,56,55
F4:B8:5E:DC:B5:DD,-71,2016,1,28,17,56,55
F4:B8:5E:C4:56:3D,-90,2016,1,28,17,57,26
F4:B8:5E:DC:B5:DD,-76,2016,1,28,17,57,26
F4:B8:5E:C4:56:3D,-90,2016,1,28,17,57,57
F4:B8:5E:DC:B5:DD,-76,2016,1,28,17,57,57
F4:B8:5E:C4:56:3D,-89,2016,1,28,17,58,28
F4:B8:5E:DC:B5:DD,-67,2016,1,28,17,58,28
F4:B8:5E:C4:56:3D,-87,2016,1,28,17,58,58
F4:B8:5E:DC:B5:DD,-71,2016,1,28,17,58,58
F4:B8:5E:C4:56:3D,-91,2016,1,28,17,59,29
F4:B8:5E:DC:B5:DD,-67,2016,1,28,17,59,29
F4:B8:5E:C4:56:3D,-96,2016,1,28,18,0,0
F4:B8:5E:DC:B5:DD,-68,2016,1,28,18,0,0
F4:B8:5E:C4:56:3D,-95,2016,1,28,18,0,31
F4:B8:5E:DC:B5:DD,-74,2016,1,28,18,0,31
F4:B8:5E:C4:56:3D,-94,2016,1,28,18,1,1
F4:B8:5E:DC:B5:DD,-73,2016,1,28,18,1,1
F4:B8:5E:C4:56:3D,-84,2016,1,28,18,1,32
F4:B8:5E:DC:B5:DD,-69,2016,1,28,18,1,32
F4:B8:5E:C4:56:3D,-93,2016,1,28,18,2,3
F4:B8:5E:DC:B5:DD,-73,2016,1,28,18,2,3
F4:B8:5E:C4:56:3D,-84,2016,1,28,18,2,33
F4:B8:5E:DC:B5:DD,-70,2016,1,28,18,2,33
F4:B8:5E:C4:56:3D,-92,2016,1,28,18,3,4
F4:B8:5E:DC:B5:DD,-69,2016,1,28,18,3,4
F4:B8:5E:C4:56:3D,-85,2016,1,28,18,3,34
F4:B8:5E:DC:B5:DD,-69,2016,1,28,18,3,34
F4:B8:5E:C4:56:3D,-88,2016,1,28,18,4,4
F4:B8:5E:DC:B5:DD,-65,2016,1,28,18,4,4
F4:B8:5E:C4:56:3D,-86,2016,1,28,18,4,34
F4:B8:5E:DC:B5:DD,-70,2016,1,28,18,4,34
F4:B8:5E:C4:56:3D,-86,2016,1,28,18,5,6
F4:B8:5E:DC:B5:DD,-68,2016,1,28,18,5,6
F4:B8:5E:C4:56:3D,-94,2016,1,28,18,5,37
F4:B8:5E:DC:B5:DD,-68,2016,1,28,18,5,37
F4:B8:5E:C4:56:3D,-86,2016,1,28,18,6,8
F4:B8:5E:DC:B5:DD,-74,2016,1,28,18,6,8
F4:B8:5E:C4:56:3D,-84,2016,1,28,18,6,39
F4:B8:5E:DC:B5:DD,-70,2016,1,28,18,6,39
F4:B8:5E:C4:56:3D,-95,2016,1,28,18,7,10
F4:B8:5E:DC:B5:DD,-74,2016,1,28,18,7,10
F4:B8:5E:C4:56:3D,-95,2016,1,28,18,7,40
F4:B8:5E:DC:B5:DD,-68,2016,1,28,18,7,40
F4:B8:5E:C4:56:3D,-87,2016,1,28,18,8,11
F4:B8:5E:DC:B5:DD,-70,2016,1,28,18,8,11
F4:B8:5E:C4:56:3D,-88,2016,1,28,18,8,42
F4:B8:5E:DC:B5:DD,-70,2016,1,28,18,8,42
F4:B8:5E:C4:56:3D,-89,2016,1,28,18,9,12
F4:B8:5E:DC:B5:DD,-74,2016,1,28,18,9,12
F4:B8:5E:C4:56:3D,-87,2016,1,28,18,9,42
F4:B8:5E:DC:B5:DD,-70,2016,1,28,18,9,42
F4:B8:5E:C4:56:3D,-88,2016,1,28,18,10,13
F4:B8:5E:DC:B5:DD,-74,2016,1,28,18,10,13
F4:B8:5E:C4:56:3D,-88,2016,1,28,18,10,43
F4:B8:5E:DC:B5:DD,-68,2016,1,28,18,10,43
F4:B8:5E:C4:56:3D,-94,2016,1,28,18,11,13
F4:B8:5E:DC:B5:DD,-75,2016,1,28,18,11,13
F4:B8:5E:C4:56:3D,-88,2016,1,28,18,11,44
F4:B8:5E:DC:B5:DD,-74,2016,1,28,18,11,44
F4:B8:5E:C4:56:3D,-85,2016,1,28,18,12,15
F4:B8:5E:DC:B5:DD,-74,2016,1,28,18,12,15
F4:B8:5E:C4:56:3D,-94,2016,1,28,18,12,46
F4:B8:5E:DC:B5:DD,-75,2016,1,28,18,12,46
F4:B8:5E:C4:56:3D,-89,2016,1,28,18,13,16
F4:B8:5E:DC:B5:DD,-74,2016,1,28,18,13,16
F4:B8:5E:C4:56:3D,-88,2016,1,28,18,13,47
F4:B8:5E:DC:B5:DD,-70,2016,1,28,18,13,47
F4:B8:5E:C4:56:3D,-93,2016,1,28,18,14,17
F4:B8:5E:DC:B5:DD,-70,2016,1,28,18,14,17
F4:B8:5E:C4:56:3D,-88,2016,1,28,18,14,47
F4:B8:5E:DC:B5:DD,-68,2016,1,28,18,14,47
F4:B8:5E:C4:56:3D,-95,2016,1,28,18,15,18
F4:B8:5E:DC:B5:DD,-75,2016,1,28,18,15,18
F4:B8:5E:C4:56:3D,-96,2016,1,28,18,15,49
F4:B8:5E:DC:B5:DD,-75,2016,1,28,18,15,49
F4:B8:5E:C4:56:3D,-89,2016,1,28,18,16,20
F4:B8:5E:DC:B5:DD,-74,2016,1,28,18,16,20
F4:B8:5E:C4:56:3D,-89,2016,1,28,18,16,51
F4:B8:5E:DC:B5:DD,-70,2016,1,28,18,16,51
F4:B8:5E:C4:56:3D,-90,2016,1,28,18,17,22
F4:B8:5E:DC:B5:DD,-74,2016,1,28,18,17,22
F4:B8:5E:C4:56:3D,-89,2016,1,28,18,17,53
F4:B8:5E:DC:B5:DD,-75,2016,1,28,18,17,53
F4:B8:5E:C4:56:3D,-90,2016,1,28,18,18,24
F4:B8:5E:DC:B5:DD,-68,2016,1,28,18,18,24
F4:B8:5E:C4:56:3D,-95,2016,1,28,18,18,54
F4:B8:5E:DC:B5:DD,-68,2016,1,28,18,18,54
F4:B8:5E:C4:56:3D,-91,2016,1,28,18,19,24
F4:B8:5E:DC:B5:DD,-68,2016,1,28,18,19,24
F4:B8:5E:C4:56:3D,-90,2016,1,28,18,19,54
F4:B8:5E:DC:B5:DD,-70,2016,1,28,18,19,54
F4:B8:5E:C4:56:3D,-90,2016,1,28,18,20,25
F4:B8:5E:DC:B5:DD,-68,2016,1,28,18,20,25
F4:B8:5E:C4:56:3D,-90,2016,1,28,18,20,56
F4:B8:5E:DC:B5:DD,-68,2016,1,28,18,20,56
F4:B8:5E:C4:56:3D,-86,2016,1,28,18,21,27
F4:B8:5E:DC:B5:DD,-69,2016,1,28,18,21,27
F4:B8:5E:C4:56:3D,-94,2016,1,28,18,21,57
F4:B8:5E:DC:B5:DD,-68,2016,1,28,18,21,57
F4:B8:5E:C4:56:3D,-88,2016,1,28,18,22,27
F4:B8:5E:DC:B5:DD,-68,2016,1,28,18,22,27
F4:B8:5E:C4:56:3D,-90,2016,1,28,18,22,58
F4:B8:5E:DC:B5:DD,-69,2016,1,28,18,22,58
F4:B8:5E:C4:56:3D,-87,2016,1,28,18,23,28
F4:B8:5E:DC:B5:DD,-68,2016,1,28,18,23,28
F4:B8:5E:C4:56:3D,-89,2016,1,28,18,23,58
F4:B8:5E:DC:B5:DD,-74,2016,1,28,18,23,58
F4:B8:5E:C4:56:3D,-98,2016,1,28,18,24,28
F4:B8:5E:DC:B5:DD,-75,2016,1,28,18,24,28
F4:B8:5E:C4:56:3D,-97,2016,1,28,18,24,58
F4:B8:5E:DC:B5:DD,-70,2016,1,28,18,24,58
F4:B8:5E:C4:56:3D,-98,2016,1,28,18,25,29
F4:B8:5E:DC:B5:DD,-70,2016,1,28,18,25,29
F4:B8:5E:C4:56:3D,-91,2016,1,28,18,26,0
F4:B8:5E:DC:B5:DD,-70,2016,1,28,18,26,0
F4:B8:5E:C4:56:3D,-90,2016,1,28,18,26,31
F4:B8:5E:DC:B5:DD,-71,2016,1,28,18,26,31
F4:B8:5E:C4:56:3D,-93,2016,1,28,18,27,1
F4:B8:5E:DC:B5:DD,-74,2016,1,28,18,27,1
F4:B8:5E:C4:56:3D,-95,2016,1,28,18,27,31
F4:B8:5E:DC:B5:DD,-68,2016,1,28,18,27,31
F4:B8:5E:C4:56:3D,-98,2016,1,28,18,28,1
F4:B8:5E:DC:B5:DD,-70,2016,1,28,18,28,1
F4:B8:5E:C4:56:3D,-91,2016,1,28,18,28,31
F4:B8:5E:DC:B5:DD,-75,2016,1,28,18,28,31
F4:B8:5E:C4:56:3D,-96,2016,1,28,18,29,1
F4:B8:5E:DC:B5:DD,-65,2016,1,28,18,29,1
F4:B8:5E:C4:56:3D,-94,2016,1,28,18,29,31
F4:B8:5E:DC:B5:DD,-75,2016,1,28,18,29,31
F4:B8:5E:C4:56:3D,-90,2016,1,28,18,30,1
F4:B8:5E:DC:B5:DD,-74,2016,1,28,18,30,1
F4:B8:5E:C4:56:3D,-86,2016,1,28,18,30,31
F4:B8:5E:DC:B5:DD,-68,2016,1,28,18,30,31
F4:B8:5E:C4:56:3D,-90,2016,1,28,18,31,2
F4:B8:5E:DC:B5:DD,-68,2016,1,28,18,31,2
F4:B8:5E:C4:56:3D,-91,2016,1,28,18,31,32
F4:B8:5E:DC:B5:DD,-65,2016,1,28,18,31,32
F4:B8:5E:C4:56:3D,-89,2016,1,28,18,32,3
F4:B8:5E:DC:B5:DD,-69,2016,1,28,18,32,3
F4:B8:5E:C4:56:3D,-89,2016,1,28,18,32,33
F4:B8:5E:DC:B5:DD,-70,2016,1,28,18,32,33
F4:B8:5E:C4:56:3D,-90,2016,1,28,18,33,3
F4:B8:5E:DC:B5:DD,-68,2016,1,28,18,33,3
F4:B8:5E:C4:56:3D,-89,2016,1,28,18,33,34
F4:B8:5E:DC:B5:DD,-68,2016,1,28,18,33,34
F4:B8:5E:C4:56:3D,-93,2016,1,28,18,34,4
F4:B8:5E:DC:B5:DD,-76,2016,1,28,18,34,4
F4:B8:5E:C4:56:3D,-91,2016,1,28,18,34,34
F4:B8:5E:DC:B5:DD,-68,2016,1,28,18,34,34
F4:B8:5E:C4:56:3D,-92,2016,1,28,18,35,4
F4:B8:5E:DC:B5:DD,-70,2016,1,28,18,35,4
F4:B8:5E:C4:56:3D,-87,2016,1,28,18,35,35
F4:B8:5E:DC:B5:DD,-68,2016,1,28,18,35,35
F4:B8:5E:C4:56:3D,-90,2016,1,28,18,36,6
F4:B8:5E:DC:B5:DD,-69,2016,1,28,18,36,6
F4:B8:5E:C4:56:3D,-96,2016,1,28,18,36,37
F4:B8:5E:DC:B5:DD,-69,2016,1,28,18,36,37
F4:B8:5E:C4:56:3D,-95,2016,1,28,18,37,8
F4:B8:5E:DC:B5:DD,-69,2016,1,28,18,37,8
F4:B8:5E:C4:56:3D,-88,2016,1,28,18,37,38
F4:B8:5E:DC:B5:DD,-69,2016,1,28,18,37,38
F4:B8:5E:C4:56:3D,-91,2016,1,28,18,38,8
F4:B8:5E:DC:B5:DD,-74,2016,1,28,18,38,8
F4:B8:5E:C4:56:3D,-90,2016,1,28,18,38,38
F4:B8:5E:DC:B5:DD,-74,2016,1,28,18,38,38
F4:B8:5E:C4:56:3D,-94,2016,1,28,18,39,8
F4:B8:5E:DC:B5:DD,-74,2016,1,28,18,39,8
F4:B8:5E:C4:56:3D,-95,2016,1,28,18,39,38
F4:B8:5E:DC:B5:DD,-68,2016,1,28,18,39,38
F4:B8:5E:C4:56:3D,-94,2016,1,28,18,40,8
F4:B8:5E:DC:B5:DD,-69,2016,1,28,18,40,8
F4:B8:5E:C4:56:3D,-91,2016,1,28,18,40,38
F4:B8:5E:DC:B5:DD,-65,2016,1,28,18,40,38
F4:B8:5E:C4:56:3D,-90,2016,1,28,18,41,10
F4:B8:5E:DC:B5:DD,-68,2016,1,28,18,41,10
F4:B8:5E:C4:56:3D,-88,2016,1,28,18,41,41
F4:B8:5E:DC:B5:DD,-65,2016,1,28,18,41,41
F4:B8:5E:C4:56:3D,-87,2016,1,28,18,42,12
F4:B8:5E:DC:B5:DD,-68,2016,1,28,18,42,12
F4:B8:5E:C4:56:3D,-93,2016,1,28,18,42,42
F4:B8:5E:DC:B5:DD,-74,2016,1,28,18,42,42
F4:B8:5E:C4:56:3D,-94,2016,1,28,18,43,13
F4:B8:5E:DC:B5:DD,-66,2016,1,28,18,43,13
F4:B8:5E:C4:56:3D,-91,2016,1,28,18,43,44
F4:B8:5E:DC:B5:DD,-68,2016,1,28,18,43,44
F4:B8:5E:C4:56:3D,-91,2016,1,28,18,44,15
F4:B8:5E:DC:B5:DD,-74,2016,1,28,18,44,15
F4:B8:5E:C4:56:3D,-92,2016,1,28,18,44,46
F4:B8:5E:DC:B5:DD,-74,2016,1,28,18,44,46
F4:B8:5E:C4:56:3D,-89,2016,1,28,18,45,16
F4:B8:5E:DC:B5:DD,-74,2016,1,28,18,45,16
F4:B8:5E:C4:56:3D,-89,2016,1,28,18,45,46
F4:B8:5E:DC:B5:DD,-68,2016,1,28,18,45,46
F4:B8:5E:C4:56:3D,-93,2016,1,28,18,46,17
F4:B8:5E:DC:B5:DD,-74,2016,1,28,18,46,17
F4:B8:5E:C4:56:3D,-89,2016,1,28,18,46,48
F4:B8:5E:DC:B5:DD,-74,2016,1,28,18,46,48
F4:B8:5E:C4:56:3D,-94,2016,1,28,18,47,19
F4:B8:5E:DC:B5:DD,-69,2016,1,28,18,47,19
F4:B8:5E:C4:56:3D,-94,2016,1,28,18,47,49
F4:B8:5E:DC:B5:DD,-69,2016,1,28,18,47,49
F4:B8:5E:C4:56:3D,-93,2016,1,28,18,48,20
F4:B8:5E:DC:B5:DD,-74,2016,1,28,18,48,20
F4:B8:5E:C4:56:3D,-90,2016,1,28,18,48,51
F4:B8:5E:DC:B5:DD,-74,2016,1,28,18,48,51
F4:B8:5E:C4:56:3D,-88,2016,1,28,18,49,21
F4:B8:5E:DC:B5:DD,-68,2016,1,28,18,49,21
F4:B8:5E:C4:56:3D,-88,2016,1,28,18,49,52
F4:B8:5E:DC:B5:DD,-76,2016,1,28,18,49,52
F4:B8:5E:C4:56:3D,-92,2016,1,28,18,50,22
F4:B8:5E:DC:B5:DD,-68,2016,1,28,18,50,22
F4:B8:5E:C4:56:3D,-89,2016,1,28,18,50,52
F4:B8:5E:DC:B5:DD,-69,2016,1,28,18,50,52
F4:B8:5E:C4:56:3D,-88,2016,1,28,18,51,23
F4:B8:5E:DC:B5:DD,-75,2016,1,28,18,51,23
F4:B8:5E:C4:56:3D,-87,2016,1,28,18,51,54
F4:B8:5E:DC:B5:DD,-75,2016,1,28,18,51,54
F4:B8:5E:C4:56:3D,-93,2016,1,28,18,52,25
F4:B8:5E:DC:B5:DD,-69,2016,1,28,18,52,25
F4:B8:5E:C4:56:3D,-92,2016,1,28,18,52,56
F4:B8:5E:DC:B5:DD,-68,2016,1,28,18,52,56
F4:B8:5E:C4:56:3D,-92,2016,1,28,18,53,27
F4:B8:5E:DC:B5:DD,-75,2016,1,28,18,53,27
F4:B8:5E:C4:56:3D,-95,2016,1,28,18,53,57
F4:B8:5E:DC:B5:DD,-74,2016,1,28,18,53,57
F4:B8:5E:C4:56:3D,-88,2016,1,28,18,54,27
F4:B8:5E:DC:B5:DD,-66,2016,1,28,18,54,27
F4:B8:5E:C4:56:3D,-91,2016,1,28,18,54,57
F4:B8:5E:DC:B5:DD,-75,2016,1,28,18,54,57
F4:B8:5E:C4:56:3D,-92,2016,1,28,18,55,27
F4:B8:5E:DC:B5:DD,-75,2016,1,28,18,55,27
F4:B8:5E:C4:56:3D,-85,2016,1,28,18,55,57
F4:B8:5E:DC:B5:DD,-75,2016,1,28,18,55,57
F4:B8:5E:C4:56:3D,-84,2016,1,28,18,56,28
F4:B8:5E:DC:B5:DD,-75,2016,1,28,18,56,28
F4:B8:5E:C4:56:3D,-82,2016,1,28,18,56,59
F4:B8:5E:DC:B5:DD,-71,2016,1,28,18,56,59
F4:B8:5E:DC:B5:DD,-71,2016,1,28,18,57,30
F4:B8:5E:DC:B5:DD,-76,2016,1,28,18,58,1
F4:B8:5E:C4:56:3D,-93,2016,1,28,18,58,31
F4:B8:5E:DC:B5:DD,-71,2016,1,28,18,58,31
F4:B8:5E:C4:56:3D,-92,2016,1,28,18,59,2
F4:B8:5E:DC:B5:DD,-70,2016,1,28,18,59,2
F4:B8:5E:C4:56:3D,-93,2016,1,28,18,59,32
F4:B8:5E:DC:B5:DD,-75,2016,1,28,18,59,32
F4:B8:5E:C4:56:3D,-97,2016,1,28,19,0,2
F4:B8:5E:DC:B5:DD,-74,2016,1,28,19,0,2
F4:B8:5E:C4:56:3D,-92,2016,1,28,19,0,33
F4:B8:5E:DC:B5:DD,-70,2016,1,28,19,0,33
F4:B8:5E:C4:56:3D,-93,2016,1,28,19,1,3
F4:B8:5E:DC:B5:DD,-68,2016,1,28,19,1,3
F4:B8:5E:C4:56:3D,-90,2016,1,28,19,1,33
F4:B8:5E:DC:B5:DD,-75,2016,1,28,19,1,33
F4:B8:5E:C4:56:3D,-91,2016,1,28,19,2,4
F4:B8:5E:DC:B5:DD,-68,2016,1,28,19,2,4
F4:B8:5E:C4:56:3D,-91,2016,1,28,19,2,35
F4:B8:5E:DC:B5:DD,-68,2016,1,28,19,2,35
F4:B8:5E:C4:56:3D,-92,2016,1,28,19,3,5
F4:B8:5E:DC:B5:DD,-75,2016,1,28,19,3,5
F4:B8:5E:C4:56:3D,-89,2016,1,28,19,3,36
F4:B8:5E:DC:B5:DD,-70,2016,1,28,19,3,36
F4:B8:5E:C4:56:3D,-91,2016,1,28,19,4,7
F4:B8:5E:DC:B5:DD,-75,2016,1,28,19,4,7
F4:B8:5E:C4:56:3D,-91,2016,1,28,19,4,37
F4:B8:5E:DC:B5:DD,-70,2016,1,28,19,4,37
F4:B8:5E:C4:56:3D,-94,2016,1,28,19,5,8
F4:B8:5E:DC:B5:DD,-68,2016,1,28,19,5,8
F4:B8:5E:C4:56:3D,-88,2016,1,28,19,5,38
F4:B8:5E:DC:B5:DD,-70,2016,1,28,19,5,38
F4:B8:5E:C4:56:3D,-95,2016,1,28,19,6,8
F4:B8:5E:DC:B5:DD,-66,2016,1,28,19,6,8
F4:B8:5E:C4:56:3D,-92,2016,1,28,19,6,38
F4:B8:5E:DC:B5:DD,-66,2016,1,28,19,6,38
F4:B8:5E:C4:56:3D,-97,2016,1,28,19,7,9
F4:B8:5E:DC:B5:DD,-74,2016,1,28,19,7,9
F4:B8:5E:C4:56:3D,-91,2016,1,28,19,7,40
F4:B8:5E:DC:B5:DD,-70,2016,1,28,19,7,40
F4:B8:5E:C4:56:3D,-90,2016,1,28,19,8,11
F4:B8:5E:DC:B5:DD,-70,2016,1,28,19,8,11
F4:B8:5E:C4:56:3D,-96,2016,1,28,19,8,42
F4:B8:5E:DC:B5:DD,-74,2016,1,28,19,8,42
F4:B8:5E:C4:56:3D,-89,2016,1,28,19,9,12
F4:B8:5E:DC:B5:DD,-74,2016,1,28,19,9,12
F4:B8:5E:C4:56:3D,-91,2016,1,28,19,9,43
F4:B8:5E:DC:B5:DD,-70,2016,1,28,19,9,43
F4:B8:5E:C4:56:3D,-91,2016,1,28,19,10,13
F4:B8:5E:DC:B5:DD,-70,2016,1,28,19,10,13
F4:B8:5E:C4:56:3D,-88,2016,1,28,19,10,44
F4:B8:5E:DC:B5:DD,-70,2016,1,28,19,10,44
F4:B8:5E:C4:56:3D,-92,2016,1,28,19,11,14
F4:B8:5E:DC:B5:DD,-70,2016,1,28,19,11,14
F4:B8:5E:C4:56:3D,-93,2016,1,28,19,11,44
F4:B8:5E:DC:B5:DD,-66,2016,1,28,19,11,44
F4:B8:5E:C4:56:3D,-93,2016,1,28,19,12,15
F4:B8:5E:DC:B5:DD,-74,2016,1,28,19,12,15
F4:B8:5E:C4:56:3D,-96,2016,1,28,19,12,46
F4:B8:5E:DC:B5:DD,-70,2016,1,28,19,12,46
F4:B8:5E:C4:56:3D,-93,2016,1,28,19,13,17
F4:B8:5E:DC:B5:DD,-68,2016,1,28,19,13,17
F4:B8:5E:C4:56:3D,-91,2016,1,28,19,13,48
F4:B8:5E:DC:B5:DD,-75,2016,1,28,19,13,48
F4:B8:5E:C4:56:3D,-92,2016,1,28,19,14,18
F4:B8:5E:DC:B5:DD,-66,2016,1,28,19,14,18
F4:B8:5E:C4:56:3D,-94,2016,1,28,19,14,49
F4:B8:5E:DC:B5:DD,-68,2016,1,28,19,14,49
F4:B8:5E:C4:56:3D,-93,2016,1,28,19,15,19
F4:B8:5E:DC:B5:DD,-68,2016,1,28,19,15,19
F4:B8:5E:C4:56:3D,-93,2016,1,28,19,15,49
F4:B8:5E:DC:B5:DD,-75,2016,1,28,19,15,49
F4:B8:5E:C4:56:3D,-93,2016,1,28,19,16,19
F4:B8:5E:DC:B5:DD,-70,2016,1,28,19,16,19
F4:B8:5E:C4:56:3D,-90,2016,1,28,19,16,49
F4:B8:5E:DC:B5:DD,-68,2016,1,28,19,16,49
F4:B8:5E:C4:56:3D,-91,2016,1,28,19,17,19
F4:B8:5E:DC:B5:DD,-75,2016,1,28,19,17,19
F4:B8:5E:C4:56:3D,-89,2016,1,28,19,17,50
F4:B8:5E:DC:B5:DD,-74,2016,1,28,19,17,50
F4:B8:5E:C4:56:3D,-94,2016,1,28,19,18,20
F4:B8:5E:DC:B5:DD,-74,2016,1,28,19,18,20
F4:B8:5E:C4:56:3D,-96,2016,1,28,19,18,51
F4:B8:5E:DC:B5:DD,-68,2016,1,28,19,18,51
F4:B8:5E:C4:56:3D,-90,2016,1,28,19,19,21
F4:B8:5E:DC:B5:DD,-74,2016,1,28,19,19,21
F4:B8:5E:C4:56:3D,-95,2016,1,28,19,19,52
F4:B8:5E:DC:B5:DD,-66,2016,1,28,19,19,52
F4:B8:5E:C4:56:3D,-97,2016,1,28,19,20,22
F4:B8:5E:DC:B5:DD,-70,2016,1,28,19,20,22
F4:B8:5E:C4:56:3D,-90,2016,1,28,19,20,52
F4:B8:5E:DC:B5:DD,-75,2016,1,28,19,20,52
F4:B8:5E:C4:56:3D,-86,2016,1,28,19,21,23
F4:B8:5E:DC:B5:DD,-68,2016,1,28,19,21,23
F4:B8:5E:C4:56:3D,-94,2016,1,28,19,21,53
F4:B8:5E:DC:B5:DD,-75,2016,1,28,19,21,53
F4:B8:5E:C4:56:3D,-86,2016,1,28,19,22,24
F4:B8:5E:DC:B5:DD,-75,2016,1,28,19,22,24
F4:B8:5E:C4:56:3D,-93,2016,1,28,19,22,55
F4:B8:5E:DC:B5:DD,-70,2016,1,28,19,22,55
F4:B8:5E:C4:56:3D,-93,2016,1,28,19,23,25
F4:B8:5E:DC:B5:DD,-70,2016,1,28,19,23,25
F4:B8:5E:C4:56:3D,-89,2016,1,28,19,23,55
F4:B8:5E:DC:B5:DD,-70,2016,1,28,19,23,55
F4:B8:5E:C4:56:3D,-93,2016,1,28,19,24,25
F4:B8:5E:DC:B5:DD,-70,2016,1,28,19,24,25
F4:B8:5E:C4:56:3D,-88,2016,1,28,19,24,55
F4:B8:5E:DC:B5:DD,-74,2016,1,28,19,24,55
F4:B8:5E:C4:56:3D,-93,2016,1,28,19,25,26
F4:B8:5E:DC:B5:DD,-68,2016,1,28,19,25,26
F4:B8:5E:C4:56:3D,-88,2016,1,28,19,25,57
F4:B8:5E:DC:B5:DD,-74,2016,1,28,19,25,57
F4:B8:5E:C4:56:3D,-96,2016,1,28,19,26,27
F4:B8:5E:DC:B5:DD,-74,2016,1,28,19,26,27
F4:B8:5E:C4:56:3D,-92,2016,1,28,19,26,58
F4:B8:5E:DC:B5:DD,-68,2016,1,28,19,26,58
F4:B8:5E:C4:56:3D,-92,2016,1,28,19,27,29
F4:B8:5E:DC:B5:DD,-74,2016,1,28,19,27,29
F4:B8:5E:C4:56:3D,-91,2016,1,28,19,27,59
F4:B8:5E:DC:B5:DD,-74,2016,1,28,19,27,59
F4:B8:5E:C4:56:3D,-86,2016,1,28,19,28,30
F4:B8:5E:DC:B5:DD,-74,2016,1,28,19,28,30
F4:B8:5E:C4:56:3D,-94,2016,1,28,19,29,0
F4:B8:5E:DC:B5:DD,-69,2016,1,28,19,29,0
F4:B8:5E:C4:56:3D,-91,2016,1,28,19,29,31
F4:B8:5E:DC:B5:DD,-68,2016,1,28,19,29,31
F4:B8:5E:DC:B5:DD,-68,2016,1,28,19,30,1
F4:B8:5E:C4:56:3D,-93,2016,1,28,19,30,31
F4:B8:5E:DC:B5:DD,-74,2016,1,28,19,30,31
F4:B8:5E:C4:56:3D,-86,2016,1,28,19,31,2
F4:B8:5E:DC:B5:DD,-68,2016,1,28,19,31,2
F4:B8:5E:C4:56:3D,-96,2016,1,28,19,31,33
F4:B8:5E:DC:B5:DD,-68,2016,1,28,19,31,33
F4:B8:5E:C4:56:3D,-96,2016,1,28,19,32,4
F4:B8:5E:DC:B5:DD,-71,2016,1,28,19,32,4
F4:B8:5E:C4:56:3D,-98,2016,1,28,19,32,34
F4:B8:5E:DC:B5:DD,-75,2016,1,28,19,32,34
F4:B8:5E:C4:56:3D,-94,2016,1,28,19,33,5
F4:B8:5E:DC:B5:DD,-75,2016,1,28,19,33,5
F4:B8:5E:DC:B5:DD,-71,2016,1,28,19,33,36
F4:B8:5E:C4:56:3D,-100,2016,1,28,19,34,7
F4:B8:5E:DC:B5:DD,-73,2016,1,28,19,34,7
F4:B8:5E:C4:56:3D,-92,2016,1,28,19,34,38
F4:B8:5E:DC:B5:DD,-74,2016,1,28,19,34,38
F4:B8:5E:C4:56:3D,-90,2016,1,28,19,35,9
F4:B8:5E:DC:B5:DD,-70,2016,1,28,19,35,9
F4:B8:5E:C4:56:3D,-97,2016,1,28,19,35,39
F4:B8:5E:DC:B5:DD,-68,2016,1,28,19,35,39
F4:B8:5E:C4:56:3D,-91,2016,1,28,19,36,9
F4:B8:5E:DC:B5:DD,-74,2016,1,28,19,36,9
F4:B8:5E:C4:56:3D,-88,2016,1,28,19,36,40
F4:B8:5E:DC:B5:DD,-68,2016,1,28,19,36,40
F4:B8:5E:C4:56:3D,-91,2016,1,28,19,37,11
F4:B8:5E:DC:B5:DD,-68,2016,1,28,19,37,11
F4:B8:5E:C4:56:3D,-99,2016,1,28,19,37,42
F4:B8:5E:DC:B5:DD,-71,2016,1,28,19,37,42
F4:B8:5E:C4:56:3D,-88,2016,1,28,19,38,12
F4:B8:5E:DC:B5:DD,-75,2016,1,28,19,38,12
F4:B8:5E:C4:56:3D,-96,2016,1,28,19,38,42
F4:B8:5E:DC:B5:DD,-75,2016,1,28,19,38,42
F4:B8:5E:C4:56:3D,-97,2016,1,28,19,39,12
F4:B8:5E:DC:B5:DD,-75,2016,1,28,19,39,12
F4:B8:5E:C4:56:3D,-95,2016,1,28,19,39,42
F4:B8:5E:DC:B5:DD,-75,2016,1,28,19,39,42
F4:B8:5E:C4:56:3D,-93,2016,1,28,19,40,12
F4:B8:5E:DC:B5:DD,-70,2016,1,28,19,40,12
