F4:B8:5E:C4:63:25,-83,2016,1,26,8,6,52
74:DA:EA:A8:9D:0F,-88,2016,1,26,8,6,52
F4:B8:5E:C4:8F:EE,-93,2016,1,26,8,6,52
68:9E:19:11:A6:DB,-88,2016,1,26,8,6,52
F4:B8:5E:DC:A9:F8,-90,2016,1,26,8,6,52
74:DA:EA:A8:9D:0F,-93,2016,1,26,8,7,23
F4:B8:5E:C4:8F:EE,-90,2016,1,26,8,7,23
F4:B8:5E:C4:5F:BE,-94,2016,1,26,8,7,23
F4:B8:5E:C4:63:25,-78,2016,1,26,8,7,23
68:9E:19:11:A6:DB,-90,2016,1,26,8,7,23
F4:B8:5E:DC:A9:F8,-91,2016,1,26,8,7,23
74:DA:EA:A8:9D:0F,-89,2016,1,26,8,7,54
F4:B8:5E:C4:8F:EE,-90,2016,1,26,8,7,54
F4:B8:5E:C4:5F:BE,-92,2016,1,26,8,7,54
F4:B8:5E:C4:63:25,-89,2016,1,26,8,7,54
68:9E:19:11:A6:DB,-91,2016,1,26,8,7,54
F4:B8:5E:DC:A9:F8,-89,2016,1,26,8,7,54
74:DA:EA:A8:9D:0F,-94,2016,1,26,8,8,24
F4:B8:5E:C4:8F:EE,-91,2016,1,26,8,8,24
F4:B8:5E:C4:5F:BE,-88,2016,1,26,8,8,24
F4:B8:5E:C4:63:25,-91,2016,1,26,8,8,24
68:9E:19:11:A6:DB,-91,2016,1,26,8,8,24
F4:B8:5E:DC:A9:F8,-92,2016,1,26,8,8,24
F4:B8:5E:C4:8F:EE,-90,2016,1,26,8,8,55
74:DA:EA:A8:9D:0F,-96,2016,1,26,8,8,55
F4:B8:5E:C4:63:25,-92,2016,1,26,8,8,55
F4:B8:5E:DC:A9:F8,-92,2016,1,26,8,8,55
68:9E:19:11:A6:DB,-92,2016,1,26,8,8,55
F4:B8:5E:C4:63:25,-91,2016,1,26,8,9,25
74:DA:EA:A8:9D:0F,-86,2016,1,26,8,9,25
F4:B8:5E:C4:8F:EE,-88,2016,1,26,8,9,25
68:9E:19:11:A6:DB,-92,2016,1,26,8,9,25
F4:B8:5E:DC:A9:F8,-90,2016,1,26,8,9,25
F4:B8:5E:C4:8F:EE,-87,2016,1,26,8,9,55
74:DA:EA:A8:9D:0F,-92,2016,1,26,8,9,55
F4:B8:5E:C4:63:25,-88,2016,1,26,8,9,55
68:9E:19:11:A6:DB,-87,2016,1,26,8,9,55
F4:B8:5E:DC:A9:F8,-91,2016,1,26,8,9,55
F4:B8:5E:C4:5F:BE,-93,2016,1,26,8,10,26
F4:B8:5E:C4:63:25,-91,2016,1,26,8,10,26
74:DA:EA:A8:9D:0F,-89,2016,1,26,8,10,26
F4:B8:5E:C4:8F:EE,-89,2016,1,26,8,10,26
F4:B8:5E:DC:A9:F8,-94,2016,1,26,8,10,26
74:DA:EA:A8:9D:0F,-90,2016,1,26,8,10,56
F4:B8:5E:C4:8F:EE,-85,2016,1,26,8,10,56
F4:B8:5E:C4:5F:BE,-90,2016,1,26,8,10,56
F4:B8:5E:C4:63:25,-80,2016,1,26,8,10,56
68:9E:19:11:A6:DB,-90,2016,1,26,8,10,56
F4:B8:5E:DC:A9:F8,-82,2016,1,26,8,10,56
74:DA:EA:A8:9D:0F,-84,2016,1,26,8,11,26
F4:B8:5E:C4:8F:EE,-84,2016,1,26,8,11,26
F4:B8:5E:C4:5F:BE,-85,2016,1,26,8,11,26
F4:B8:5E:C4:63:25,-77,2016,1,26,8,11,26
68:9E:19:11:A6:DB,-96,2016,1,26,8,11,26
F4:B8:5E:DC:A9:F8,-89,2016,1,26,8,11,26
74:DA:EA:A8:9D:0F,-90,2016,1,26,8,11,58
F4:B8:5E:C4:8F:EE,-88,2016,1,26,8,11,58
F4:B8:5E:C4:5F:BE,-85,2016,1,26,8,11,58
F4:B8:5E:C4:63:25,-93,2016,1,26,8,11,58
68:9E:19:11:A6:DB,-88,2016,1,26,8,11,58
F4:B8:5E:DC:A9:F8,-93,2016,1,26,8,11,58
74:DA:EA:A8:9D:0F,-90,2016,1,26,8,12,29
F4:B8:5E:C4:8F:EE,-88,2016,1,26,8,12,29
F4:B8:5E:C4:5F:BE,-82,2016,1,26,8,12,29
F4:B8:5E:C4:63:25,-86,2016,1,26,8,12,29
68:9E:19:11:A6:DB,-89,2016,1,26,8,12,29
F4:B8:5E:DC:A9:F8,-93,2016,1,26,8,12,29
74:DA:EA:A8:9D:0F,-93,2016,1,26,8,13,0
F4:B8:5E:C4:8F:EE,-88,2016,1,26,8,13,0
F4:B8:5E:C4:5F:BE,-90,2016,1,26,8,13,0
F4:B8:5E:C4:63:25,-89,2016,1,26,8,13,0
68:9E:19:11:A6:DB,-81,2016,1,26,8,13,0
F4:B8:5E:DC:A9:F8,-90,2016,1,26,8,13,0
F4:B8:5E:C4:63:25,-84,2016,1,26,8,13,31
74:DA:EA:A8:9D:0F,-79,2016,1,26,8,13,31
F4:B8:5E:C4:8F:EE,-93,2016,1,26,8,13,31
68:9E:19:11:A6:DB,-84,2016,1,26,8,13,31
F4:B8:5E:DC:A9:F8,-81,2016,1,26,8,13,31
74:DA:EA:A8:9D:0F,-88,2016,1,26,8,14,2
F4:B8:5E:C4:8F:EE,-94,2016,1,26,8,14,2
F4:B8:5E:C4:5F:BE,-92,2016,1,26,8,14,2
F4:B8:5E:C4:63:25,-77,2016,1,26,8,14,2
68:9E:19:11:A6:DB,-84,2016,1,26,8,14,2
F4:B8:5E:DC:A9:F8,-91,2016,1,26,8,14,2
74:DA:EA:A8:9D:0F,-86,2016,1,26,8,14,32
F4:B8:5E:C4:8F:EE,-93,2016,1,26,8,14,32
F4:B8:5E:C4:5F:BE,-93,2016,1,26,8,14,32
F4:B8:5E:C4:63:25,-85,2016,1,26,8,14,32
68:9E:19:11:A6:DB,-91,2016,1,26,8,14,32
F4:B8:5E:DC:A9:F8,-90,2016,1,26,8,14,32
74:DA:EA:A8:9D:0F,-90,2016,1,26,8,15,2
F4:B8:5E:C4:8F:EE,-94,2016,1,26,8,15,2
F4:B8:5E:C4:5F:BE,-94,2016,1,26,8,15,2
F4:B8:5E:C4:63:25,-88,2016,1,26,8,15,2
68:9E:19:11:A6:DB,-90,2016,1,26,8,15,2
F4:B8:5E:DC:A9:F8,-90,2016,1,26,8,15,2
74:DA:EA:A8:9D:0F,-91,2016,1,26,8,15,32
F4:B8:5E:C4:8F:EE,-83,2016,1,26,8,15,32
F4:B8:5E:C4:5F:BE,-98,2016,1,26,8,15,32
F4:B8:5E:C4:63:25,-82,2016,1,26,8,15,32
68:9E:19:11:A6:DB,-91,2016,1,26,8,15,32
F4:B8:5E:DC:A9:F8,-93,2016,1,26,8,15,32
74:DA:EA:A8:9D:0F,-74,2016,1,26,8,16,2
F4:B8:5E:C4:8F:EE,-70,2016,1,26,8,16,2
F4:B8:5E:C4:5F:BE,-76,2016,1,26,8,16,2
F4:B8:5E:C4:63:25,-67,2016,1,26,8,16,2
68:9E:19:11:A6:DB,-75,2016,1,26,8,16,2
F4:B8:5E:DC:A9:F8,-73,2016,1,26,8,16,2
74:DA:EA:A8:9D:0F,-90,2016,1,26,8,16,32
F4:B8:5E:C4:8F:EE,-90,2016,1,26,8,16,32
F4:B8:5E:C4:5F:BE,-89,2016,1,26,8,16,32
F4:B8:5E:C4:63:25,-89,2016,1,26,8,16,32
68:9E:19:11:A6:DB,-86,2016,1,26,8,16,32
F4:B8:5E:DC:A9:F8,-83,2016,1,26,8,16,32
74:DA:EA:A8:9D:0F,-93,2016,1,26,8,17,2
F4:B8:5E:C4:8F:EE,-89,2016,1,26,8,17,2
F4:B8:5E:C4:5F:BE,-85,2016,1,26,8,17,2
F4:B8:5E:C4:63:25,-73,2016,1,26,8,17,2
68:9E:19:11:A6:DB,-88,2016,1,26,8,17,2
F4:B8:5E:DC:A9:F8,-86,2016,1,26,8,17,2
74:DA:EA:A8:9D:0F,-93,2016,1,26,8,17,33
F4:B8:5E:C4:8F:EE,-91,2016,1,26,8,17,33
F4:B8:5E:C4:5F:BE,-86,2016,1,26,8,17,33
F4:B8:5E:C4:63:25,-76,2016,1,26,8,17,33
68:9E:19:11:A6:DB,-88,2016,1,26,8,17,33
F4:B8:5E:DC:A9:F8,-80,2016,1,26,8,17,33
74:DA:EA:A8:9D:0F,-81,2016,1,26,8,18,4
F4:B8:5E:C4:8F:EE,-85,2016,1,26,8,18,4
F4:B8:5E:C4:5F:BE,-89,2016,1,26,8,18,4
F4:B8:5E:C4:63:25,-93,2016,1,26,8,18,4
68:9E:19:11:A6:DB,-81,2016,1,26,8,18,4
F4:B8:5E:DC:A9:F8,-81,2016,1,26,8,18,4
74:DA:EA:A8:9D:0F,-92,2016,1,26,8,18,35
F4:B8:5E:C4:8F:EE,-88,2016,1,26,8,18,35
F4:B8:5E:C4:5F:BE,-84,2016,1,26,8,18,35
F4:B8:5E:C4:63:25,-77,2016,1,26,8,18,35
68:9E:19:11:A6:DB,-87,2016,1,26,8,18,35
F4:B8:5E:DC:A9:F8,-78,2016,1,26,8,18,35
74:DA:EA:A8:9D:0F,-91,2016,1,26,8,19,5
F4:B8:5E:C4:8F:EE,-85,2016,1,26,8,19,5
F4:B8:5E:C4:5F:BE,-84,2016,1,26,8,19,5
F4:B8:5E:C4:63:25,-92,2016,1,26,8,19,5
68:9E:19:11:A6:DB,-79,2016,1,26,8,19,5
F4:B8:5E:DC:A9:F8,-80,2016,1,26,8,19,5
74:DA:EA:A8:9D:0F,-92,2016,1,26,8,19,36
F4:B8:5E:C4:8F:EE,-86,2016,1,26,8,19,36
F4:B8:5E:C4:5F:BE,-85,2016,1,26,8,19,36
F4:B8:5E:C4:63:25,-90,2016,1,26,8,19,36
68:9E:19:11:A6:DB,-87,2016,1,26,8,19,36
F4:B8:5E:DC:A9:F8,-82,2016,1,26,8,19,36
74:DA:EA:A8:9D:0F,-87,2016,1,26,8,20,7
F4:B8:5E:C4:8F:EE,-93,2016,1,26,8,20,7
F4:B8:5E:C4:5F:BE,-80,2016,1,26,8,20,7
F4:B8:5E:C4:63:25,-80,2016,1,26,8,20,7
68:9E:19:11:A6:DB,-93,2016,1,26,8,20,7
F4:B8:5E:DC:A9:F8,-87,2016,1,26,8,20,7
74:DA:EA:A8:9D:0F,-92,2016,1,26,8,20,38
F4:B8:5E:C4:8F:EE,-91,2016,1,26,8,20,38
F4:B8:5E:C4:5F:BE,-92,2016,1,26,8,20,38
F4:B8:5E:C4:63:25,-86,2016,1,26,8,20,38
68:9E:19:11:A6:DB,-85,2016,1,26,8,20,38
F4:B8:5E:DC:A9:F8,-94,2016,1,26,8,20,38
74:DA:EA:A8:9D:0F,-87,2016,1,26,8,21,8
F4:B8:5E:C4:8F:EE,-90,2016,1,26,8,21,8
F4:B8:5E:C4:5F:BE,-94,2016,1,26,8,21,8
F4:B8:5E:C4:63:25,-80,2016,1,26,8,21,8
68:9E:19:11:A6:DB,-79,2016,1,26,8,21,8
F4:B8:5E:DC:A9:F8,-90,2016,1,26,8,21,8
74:DA:EA:A8:9D:0F,-85,2016,1,26,8,21,38
F4:B8:5E:C4:8F:EE,-89,2016,1,26,8,21,38
F4:B8:5E:C4:5F:BE,-95,2016,1,26,8,21,38
F4:B8:5E:C4:63:25,-76,2016,1,26,8,21,38
68:9E:19:11:A6:DB,-82,2016,1,26,8,21,38
F4:B8:5E:DC:A9:F8,-89,2016,1,26,8,21,38
74:DA:EA:A8:9D:0F,-86,2016,1,26,8,22,8
F4:B8:5E:C4:8F:EE,-84,2016,1,26,8,22,8
F4:B8:5E:C4:5F:BE,-91,2016,1,26,8,22,8
F4:B8:5E:C4:63:25,-88,2016,1,26,8,22,8
68:9E:19:11:A6:DB,-79,2016,1,26,8,22,8
F4:B8:5E:DC:A9:F8,-80,2016,1,26,8,22,8
74:DA:EA:A8:9D:0F,-78,2016,1,26,8,22,39
F4:B8:5E:C4:8F:EE,-93,2016,1,26,8,22,39
F4:B8:5E:C4:5F:BE,-94,2016,1,26,8,22,39
F4:B8:5E:C4:63:25,-81,2016,1,26,8,22,39
68:9E:19:11:A6:DB,-85,2016,1,26,8,22,39
F4:B8:5E:DC:A9:F8,-89,2016,1,26,8,22,39
74:DA:EA:A8:9D:0F,-85,2016,1,26,8,23,10
F4:B8:5E:C4:8F:EE,-91,2016,1,26,8,23,10
F4:B8:5E:C4:5F:BE,-88,2016,1,26,8,23,10
F4:B8:5E:C4:63:25,-86,2016,1,26,8,23,10
68:9E:19:11:A6:DB,-84,2016,1,26,8,23,10
F4:B8:5E:DC:A9:F8,-86,2016,1,26,8,23,10
74:DA:EA:A8:9D:0F,-83,2016,1,26,8,23,40
F4:B8:5E:C4:8F:EE,-78,2016,1,26,8,23,40
F4:B8:5E:C4:5F:BE,-84,2016,1,26,8,23,40
F4:B8:5E:C4:63:25,-80,2016,1,26,8,23,40
68:9E:19:11:A6:DB,-74,2016,1,26,8,23,40
F4:B8:5E:DC:A9:F8,-81,2016,1,26,8,23,40
74:DA:EA:A8:9D:0F,-85,2016,1,26,8,24,10
F4:B8:5E:C4:8F:EE,-86,2016,1,26,8,24,10
F4:B8:5E:C4:5F:BE,-79,2016,1,26,8,24,10
F4:B8:5E:C4:63:25,-75,2016,1,26,8,24,10
68:9E:19:11:A6:DB,-77,2016,1,26,8,24,10
F4:B8:5E:DC:A9:F8,-81,2016,1,26,8,24,10
74:DA:EA:A8:9D:0F,-89,2016,1,26,8,24,41
F4:B8:5E:C4:8F:EE,-85,2016,1,26,8,24,41
F4:B8:5E:C4:5F:BE,-87,2016,1,26,8,24,41
F4:B8:5E:C4:63:25,-90,2016,1,26,8,24,41
68:9E:19:11:A6:DB,-80,2016,1,26,8,24,41
F4:B8:5E:DC:A9:F8,-79,2016,1,26,8,24,41
74:DA:EA:A8:9D:0F,-86,2016,1,26,8,25,11
F4:B8:5E:C4:8F:EE,-95,2016,1,26,8,25,11
F4:B8:5E:C4:5F:BE,-86,2016,1,26,8,25,11
F4:B8:5E:C4:63:25,-95,2016,1,26,8,25,11
68:9E:19:11:A6:DB,-79,2016,1,26,8,25,11
F4:B8:5E:DC:A9:F8,-84,2016,1,26,8,25,11
74:DA:EA:A8:9D:0F,-82,2016,1,26,8,25,41
F4:B8:5E:C4:8F:EE,-86,2016,1,26,8,25,41
F4:B8:5E:C4:5F:BE,-89,2016,1,26,8,25,41
F4:B8:5E:C4:63:25,-90,2016,1,26,8,25,41
68:9E:19:11:A6:DB,-78,2016,1,26,8,25,41
F4:B8:5E:DC:A9:F8,-77,2016,1,26,8,25,41
74:DA:EA:A8:9D:0F,-88,2016,1,26,8,26,11
F4:B8:5E:C4:8F:EE,-92,2016,1,26,8,26,11
F4:B8:5E:C4:5F:BE,-92,2016,1,26,8,26,11
F4:B8:5E:C4:63:25,-89,2016,1,26,8,26,11
68:9E:19:11:A6:DB,-86,2016,1,26,8,26,11
F4:B8:5E:DC:A9:F8,-79,2016,1,26,8,26,11
74:DA:EA:A8:9D:0F,-73,2016,1,26,8,26,41
F4:B8:5E:C4:8F:EE,-83,2016,1,26,8,26,41
F4:B8:5E:C4:5F:BE,-93,2016,1,26,8,26,41
F4:B8:5E:C4:63:25,-69,2016,1,26,8,26,41
68:9E:19:11:A6:DB,-82,2016,1,26,8,26,41
F4:B8:5E:DC:A9:F8,-80,2016,1,26,8,26,41
74:DA:EA:A8:9D:0F,-75,2016,1,26,8,27,12
F4:B8:5E:C4:8F:EE,-73,2016,1,26,8,27,12
F4:B8:5E:C4:5F:BE,-90,2016,1,26,8,27,12
F4:B8:5E:C4:63:25,-76,2016,1,26,8,27,12
68:9E:19:11:A6:DB,-82,2016,1,26,8,27,12
F4:B8:5E:DC:A9:F8,-84,2016,1,26,8,27,12
74:DA:EA:A8:9D:0F,-78,2016,1,26,8,27,42
F4:B8:5E:C4:8F:EE,-81,2016,1,26,8,27,42
F4:B8:5E:C4:5F:BE,-93,2016,1,26,8,27,42
F4:B8:5E:C4:63:25,-78,2016,1,26,8,27,42
68:9E:19:11:A6:DB,-82,2016,1,26,8,27,42
F4:B8:5E:DC:A9:F8,-74,2016,1,26,8,27,42
74:DA:EA:A8:9D:0F,-74,2016,1,26,8,28,13
F4:B8:5E:C4:8F:EE,-76,2016,1,26,8,28,13
F4:B8:5E:C4:5F:BE,-84,2016,1,26,8,28,13
F4:B8:5E:C4:63:25,-78,2016,1,26,8,28,13
68:9E:19:11:A6:DB,-84,2016,1,26,8,28,13
F4:B8:5E:DC:A9:F8,-79,2016,1,26,8,28,13
74:DA:EA:A8:9D:0F,-74,2016,1,26,8,28,43
F4:B8:5E:C4:8F:EE,-76,2016,1,26,8,28,43
F4:B8:5E:C4:5F:BE,-78,2016,1,26,8,28,43
F4:B8:5E:C4:63:25,-76,2016,1,26,8,28,43
68:9E:19:11:A6:DB,-84,2016,1,26,8,28,43
F4:B8:5E:DC:A9:F8,-78,2016,1,26,8,28,43
74:DA:EA:A8:9D:0F,-74,2016,1,26,8,29,14
F4:B8:5E:C4:8F:EE,-77,2016,1,26,8,29,14
F4:B8:5E:C4:5F:BE,-91,2016,1,26,8,29,14
F4:B8:5E:C4:63:25,-78,2016,1,26,8,29,14
68:9E:19:11:A6:DB,-78,2016,1,26,8,29,14
F4:B8:5E:DC:A9:F8,-80,2016,1,26,8,29,14
74:DA:EA:A8:9D:0F,-82,2016,1,26,8,29,45
F4:B8:5E:C4:8F:EE,-82,2016,1,26,8,29,45
F4:B8:5E:C4:5F:BE,-91,2016,1,26,8,29,45
F4:B8:5E:C4:63:25,-80,2016,1,26,8,29,45
68:9E:19:11:A6:DB,-80,2016,1,26,8,29,45
F4:B8:5E:DC:A9:F8,-80,2016,1,26,8,29,45
74:DA:EA:A8:9D:0F,-83,2016,1,26,8,30,15
F4:B8:5E:C4:8F:EE,-79,2016,1,26,8,30,15
F4:B8:5E:C4:5F:BE,-96,2016,1,26,8,30,15
F4:B8:5E:C4:63:25,-79,2016,1,26,8,30,15
68:9E:19:11:A6:DB,-85,2016,1,26,8,30,15
F4:B8:5E:DC:A9:F8,-78,2016,1,26,8,30,15
74:DA:EA:A8:9D:0F,-78,2016,1,26,8,30,45
F4:B8:5E:C4:8F:EE,-87,2016,1,26,8,30,45
F4:B8:5E:C4:5F:BE,-89,2016,1,26,8,30,45
F4:B8:5E:C4:63:25,-76,2016,1,26,8,30,45
68:9E:19:11:A6:DB,-81,2016,1,26,8,30,45
F4:B8:5E:DC:A9:F8,-77,2016,1,26,8,30,45
F4:B8:5E:C4:8F:EE,-88,2016,1,26,8,31,15
F4:B8:5E:C4:63:25,-86,2016,1,26,8,31,15
F4:B8:5E:C4:5F:BE,-84,2016,1,26,8,31,15
68:9E:19:11:A6:DB,-77,2016,1,26,8,31,15
F4:B8:5E:DC:A9:F8,-81,2016,1,26,8,31,15
74:DA:EA:A8:9D:0F,-89,2016,1,26,8,31,46
F4:B8:5E:C4:8F:EE,-83,2016,1,26,8,31,46
F4:B8:5E:C4:5F:BE,-83,2016,1,26,8,31,46
F4:B8:5E:C4:63:25,-80,2016,1,26,8,31,46
68:9E:19:11:A6:DB,-92,2016,1,26,8,31,46
F4:B8:5E:DC:A9:F8,-78,2016,1,26,8,31,46
74:DA:EA:A8:9D:0F,-91,2016,1,26,8,32,17
F4:B8:5E:C4:8F:EE,-86,2016,1,26,8,32,17
F4:B8:5E:C4:5F:BE,-86,2016,1,26,8,32,17
F4:B8:5E:C4:63:25,-78,2016,1,26,8,32,17
68:9E:19:11:A6:DB,-92,2016,1,26,8,32,17
F4:B8:5E:DC:A9:F8,-80,2016,1,26,8,32,17
74:DA:EA:A8:9D:0F,-91,2016,1,26,8,32,47
F4:B8:5E:C4:8F:EE,-87,2016,1,26,8,32,47
F4:B8:5E:C4:5F:BE,-82,2016,1,26,8,32,47
F4:B8:5E:C4:63:25,-80,2016,1,26,8,32,47
68:9E:19:11:A6:DB,-91,2016,1,26,8,32,47
F4:B8:5E:DC:A9:F8,-79,2016,1,26,8,32,47
74:DA:EA:A8:9D:0F,-98,2016,1,26,8,33,17
F4:B8:5E:C4:8F:EE,-87,2016,1,26,8,33,17
F4:B8:5E:C4:5F:BE,-88,2016,1,26,8,33,17
F4:B8:5E:C4:63:25,-85,2016,1,26,8,33,17
68:9E:19:11:A6:DB,-86,2016,1,26,8,33,17
F4:B8:5E:DC:A9:F8,-88,2016,1,26,8,33,17
74:DA:EA:A8:9D:0F,-95,2016,1,26,8,33,48
F4:B8:5E:C4:8F:EE,-88,2016,1,26,8,33,48
F4:B8:5E:C4:5F:BE,-90,2016,1,26,8,33,48
F4:B8:5E:C4:63:25,-87,2016,1,26,8,33,48
68:9E:19:11:A6:DB,-83,2016,1,26,8,33,48
F4:B8:5E:DC:A9:F8,-90,2016,1,26,8,33,48
74:DA:EA:A8:9D:0F,-93,2016,1,26,8,34,19
F4:B8:5E:C4:8F:EE,-90,2016,1,26,8,34,19
F4:B8:5E:C4:5F:BE,-94,2016,1,26,8,34,19
F4:B8:5E:C4:63:25,-86,2016,1,26,8,34,19
68:9E:19:11:A6:DB,-86,2016,1,26,8,34,19
F4:B8:5E:DC:A9:F8,-82,2016,1,26,8,34,19
74:DA:EA:A8:9D:0F,-93,2016,1,26,8,34,50
F4:B8:5E:C4:8F:EE,-92,2016,1,26,8,34,50
F4:B8:5E:C4:5F:BE,-89,2016,1,26,8,34,50
F4:B8:5E:C4:63:25,-84,2016,1,26,8,34,50
68:9E:19:11:A6:DB,-88,2016,1,26,8,34,50
F4:B8:5E:DC:A9:F8,-84,2016,1,26,8,34,50
74:DA:EA:A8:9D:0F,-92,2016,1,26,8,35,21
F4:B8:5E:C4:8F:EE,-82,2016,1,26,8,35,21
F4:B8:5E:C4:5F:BE,-86,2016,1,26,8,35,21
F4:B8:5E:C4:63:25,-83,2016,1,26,8,35,21
68:9E:19:11:A6:DB,-84,2016,1,26,8,35,21
F4:B8:5E:DC:A9:F8,-80,2016,1,26,8,35,21
74:DA:EA:A8:9D:0F,-92,2016,1,26,8,35,52
F4:B8:5E:C4:8F:EE,-90,2016,1,26,8,35,52
F4:B8:5E:C4:5F:BE,-90,2016,1,26,8,35,52
F4:B8:5E:C4:63:25,-85,2016,1,26,8,35,52
68:9E:19:11:A6:DB,-87,2016,1,26,8,35,52
F4:B8:5E:DC:A9:F8,-85,2016,1,26,8,35,52
74:DA:EA:A8:9D:0F,-93,2016,1,26,8,36,22
F4:B8:5E:C4:8F:EE,-85,2016,1,26,8,36,22
F4:B8:5E:C4:5F:BE,-85,2016,1,26,8,36,22
F4:B8:5E:C4:63:25,-85,2016,1,26,8,36,22
68:9E:19:11:A6:DB,-87,2016,1,26,8,36,22
F4:B8:5E:DC:A9:F8,-84,2016,1,26,8,36,22
74:DA:EA:A8:9D:0F,-92,2016,1,26,8,36,52
F4:B8:5E:C4:8F:EE,-87,2016,1,26,8,36,52
F4:B8:5E:C4:5F:BE,-85,2016,1,26,8,36,52
F4:B8:5E:C4:63:25,-83,2016,1,26,8,36,52
68:9E:19:11:A6:DB,-86,2016,1,26,8,36,52
F4:B8:5E:DC:A9:F8,-82,2016,1,26,8,36,52
74:DA:EA:A8:9D:0F,-88,2016,1,26,8,37,23
F4:B8:5E:C4:8F:EE,-89,2016,1,26,8,37,23
F4:B8:5E:C4:5F:BE,-85,2016,1,26,8,37,23
F4:B8:5E:C4:63:25,-85,2016,1,26,8,37,23
68:9E:19:11:A6:DB,-89,2016,1,26,8,37,23
F4:B8:5E:DC:A9:F8,-84,2016,1,26,8,37,23
74:DA:EA:A8:9D:0F,-90,2016,1,26,8,37,54
F4:B8:5E:C4:8F:EE,-89,2016,1,26,8,37,54
F4:B8:5E:C4:5F:BE,-85,2016,1,26,8,37,54
F4:B8:5E:C4:63:25,-94,2016,1,26,8,37,54
68:9E:19:11:A6:DB,-96,2016,1,26,8,37,54
F4:B8:5E:DC:A9:F8,-85,2016,1,26,8,37,54
74:DA:EA:A8:9D:0F,-94,2016,1,26,8,38,24
F4:B8:5E:C4:8F:EE,-94,2016,1,26,8,38,24
F4:B8:5E:C4:5F:BE,-86,2016,1,26,8,38,24
F4:B8:5E:C4:63:25,-91,2016,1,26,8,38,24
68:9E:19:11:A6:DB,-87,2016,1,26,8,38,24
F4:B8:5E:DC:A9:F8,-90,2016,1,26,8,38,24
74:DA:EA:A8:9D:0F,-93,2016,1,26,8,38,54
F4:B8:5E:C4:8F:EE,-90,2016,1,26,8,38,54
F4:B8:5E:C4:5F:BE,-86,2016,1,26,8,38,54
F4:B8:5E:C4:63:25,-91,2016,1,26,8,38,54
68:9E:19:11:A6:DB,-90,2016,1,26,8,38,54
F4:B8:5E:DC:A9:F8,-90,2016,1,26,8,38,54
74:DA:EA:A8:9D:0F,-88,2016,1,26,8,39,25
F4:B8:5E:C4:8F:EE,-86,2016,1,26,8,39,25
F4:B8:5E:C4:5F:BE,-82,2016,1,26,8,39,25
F4:B8:5E:C4:63:25,-86,2016,1,26,8,39,25
68:9E:19:11:A6:DB,-87,2016,1,26,8,39,25
F4:B8:5E:DC:A9:F8,-86,2016,1,26,8,39,25
74:DA:EA:A8:9D:0F,-97,2016,1,26,8,39,56
F4:B8:5E:C4:8F:EE,-85,2016,1,26,8,39,56
F4:B8:5E:C4:5F:BE,-97,2016,1,26,8,39,56
F4:B8:5E:C4:63:25,-84,2016,1,26,8,39,56
68:9E:19:11:A6:DB,-86,2016,1,26,8,39,56
F4:B8:5E:DC:A9:F8,-75,2016,1,26,8,39,56
74:DA:EA:A8:9D:0F,-90,2016,1,26,8,40,27
F4:B8:5E:C4:8F:EE,-89,2016,1,26,8,40,27
F4:B8:5E:C4:5F:BE,-86,2016,1,26,8,40,27
F4:B8:5E:C4:63:25,-88,2016,1,26,8,40,27
68:9E:19:11:A6:DB,-88,2016,1,26,8,40,27
F4:B8:5E:DC:A9:F8,-88,2016,1,26,8,40,27
74:DA:EA:A8:9D:0F,-93,2016,1,26,8,40,57
F4:B8:5E:C4:8F:EE,-90,2016,1,26,8,40,57
F4:B8:5E:C4:5F:BE,-89,2016,1,26,8,40,57
F4:B8:5E:C4:63:25,-90,2016,1,26,8,40,57
68:9E:19:11:A6:DB,-96,2016,1,26,8,40,57
F4:B8:5E:DC:A9:F8,-90,2016,1,26,8,40,57
74:DA:EA:A8:9D:0F,-95,2016,1,26,8,41,28
F4:B8:5E:C4:8F:EE,-85,2016,1,26,8,41,28
F4:B8:5E:C4:5F:BE,-81,2016,1,26,8,41,28
F4:B8:5E:C4:63:25,-85,2016,1,26,8,41,28
68:9E:19:11:A6:DB,-96,2016,1,26,8,41,28
F4:B8:5E:DC:A9:F8,-91,2016,1,26,8,41,28
74:DA:EA:A8:9D:0F,-94,2016,1,26,8,41,59
F4:B8:5E:C4:8F:EE,-94,2016,1,26,8,41,59
F4:B8:5E:C4:5F:BE,-81,2016,1,26,8,41,59
F4:B8:5E:C4:63:25,-97,2016,1,26,8,41,59
68:9E:19:11:A6:DB,-89,2016,1,26,8,41,59
F4:B8:5E:DC:A9:F8,-90,2016,1,26,8,41,59
74:DA:EA:A8:9D:0F,-93,2016,1,26,8,42,29
F4:B8:5E:C4:8F:EE,-89,2016,1,26,8,42,29
F4:B8:5E:C4:5F:BE,-85,2016,1,26,8,42,29
F4:B8:5E:C4:63:25,-84,2016,1,26,8,42,29
68:9E:19:11:A6:DB,-94,2016,1,26,8,42,29
F4:B8:5E:DC:A9:F8,-89,2016,1,26,8,42,29
74:DA:EA:A8:9D:0F,-92,2016,1,26,8,42,59
F4:B8:5E:C4:8F:EE,-87,2016,1,26,8,42,59
F4:B8:5E:C4:5F:BE,-86,2016,1,26,8,42,59
F4:B8:5E:C4:63:25,-91,2016,1,26,8,42,59
68:9E:19:11:A6:DB,-95,2016,1,26,8,42,59
F4:B8:5E:DC:A9:F8,-85,2016,1,26,8,42,59
74:DA:EA:A8:9D:0F,-92,2016,1,26,8,43,30
F4:B8:5E:C4:8F:EE,-90,2016,1,26,8,43,30
F4:B8:5E:C4:5F:BE,-85,2016,1,26,8,43,30
F4:B8:5E:C4:63:25,-87,2016,1,26,8,43,30
68:9E:19:11:A6:DB,-93,2016,1,26,8,43,30
F4:B8:5E:DC:A9:F8,-90,2016,1,26,8,43,30
74:DA:EA:A8:9D:0F,-89,2016,1,26,8,44,0
F4:B8:5E:C4:8F:EE,-97,2016,1,26,8,44,0
F4:B8:5E:C4:5F:BE,-79,2016,1,26,8,44,0
F4:B8:5E:C4:63:25,-93,2016,1,26,8,44,0
68:9E:19:11:A6:DB,-92,2016,1,26,8,44,0
F4:B8:5E:DC:A9:F8,-88,2016,1,26,8,44,0
74:DA:EA:A8:9D:0F,-89,2016,1,26,8,44,30
F4:B8:5E:C4:8F:EE,-88,2016,1,26,8,44,30
F4:B8:5E:C4:5F:BE,-83,2016,1,26,8,44,30
F4:B8:5E:C4:63:25,-92,2016,1,26,8,44,30
68:9E:19:11:A6:DB,-80,2016,1,26,8,44,30
F4:B8:5E:DC:A9:F8,-91,2016,1,26,8,44,30
74:DA:EA:A8:9D:0F,-92,2016,1,26,8,45,1
F4:B8:5E:C4:8F:EE,-93,2016,1,26,8,45,1
F4:B8:5E:C4:5F:BE,-80,2016,1,26,8,45,1
F4:B8:5E:C4:63:25,-90,2016,1,26,8,45,1
68:9E:19:11:A6:DB,-89,2016,1,26,8,45,1
F4:B8:5E:DC:A9:F8,-96,2016,1,26,8,45,1
74:DA:EA:A8:9D:0F,-90,2016,1,26,8,45,32
F4:B8:5E:C4:8F:EE,-91,2016,1,26,8,45,32
F4:B8:5E:C4:5F:BE,-77,2016,1,26,8,45,32
F4:B8:5E:C4:63:25,-84,2016,1,26,8,45,32
68:9E:19:11:A6:DB,-97,2016,1,26,8,45,32
F4:B8:5E:DC:A9:F8,-93,2016,1,26,8,45,32
74:DA:EA:A8:9D:0F,-77,2016,1,26,8,46,2
F4:B8:5E:C4:8F:EE,-77,2016,1,26,8,46,2
F4:B8:5E:C4:5F:BE,-81,2016,1,26,8,46,2
F4:B8:5E:C4:63:25,-75,2016,1,26,8,46,2
68:9E:19:11:A6:DB,-79,2016,1,26,8,46,2
F4:B8:5E:DC:A9:F8,-95,2016,1,26,8,46,2
74:DA:EA:A8:9D:0F,-76,2016,1,26,8,46,33
F4:B8:5E:C4:8F:EE,-81,2016,1,26,8,46,33
F4:B8:5E:C4:5F:BE,-88,2016,1,26,8,46,33
F4:B8:5E:C4:63:25,-80,2016,1,26,8,46,33
68:9E:19:11:A6:DB,-83,2016,1,26,8,46,33
F4:B8:5E:DC:A9:F8,-78,2016,1,26,8,46,33
74:DA:EA:A8:9D:0F,-74,2016,1,26,8,47,3
F4:B8:5E:C4:8F:EE,-65,2016,1,26,8,47,3
F4:B8:5E:C4:5F:BE,-89,2016,1,26,8,47,3
F4:B8:5E:C4:63:25,-72,2016,1,26,8,47,3
68:9E:19:11:A6:DB,-68,2016,1,26,8,47,3
F4:B8:5E:DC:A9:F8,-65,2016,1,26,8,47,3
74:DA:EA:A8:9D:0F,-75,2016,1,26,8,47,34
F4:B8:5E:C4:8F:EE,-68,2016,1,26,8,47,34
F4:B8:5E:C4:5F:BE,-82,2016,1,26,8,47,34
F4:B8:5E:C4:63:25,-68,2016,1,26,8,47,34
68:9E:19:11:A6:DB,-70,2016,1,26,8,47,34
F4:B8:5E:DC:A9:F8,-65,2016,1,26,8,47,34
74:DA:EA:A8:9D:0F,-68,2016,1,26,8,48,5
F4:B8:5E:C4:8F:EE,-68,2016,1,26,8,48,5
F4:B8:5E:C4:5F:BE,-78,2016,1,26,8,48,5
F4:B8:5E:C4:63:25,-68,2016,1,26,8,48,5
68:9E:19:11:A6:DB,-68,2016,1,26,8,48,5
F4:B8:5E:DC:A9:F8,-71,2016,1,26,8,48,5
F4:B8:5E:C4:8F:EE,-68,2016,1,26,8,48,36
74:DA:EA:A8:9D:0F,-68,2016,1,26,8,48,36
F4:B8:5E:C4:63:25,-68,2016,1,26,8,48,36
F4:B8:5E:DC:A9:F8,-68,2016,1,26,8,48,36
68:9E:19:11:A6:DB,-65,2016,1,26,8,48,36
F4:B8:5E:C4:63:25,-68,2016,1,26,8,49,6
74:DA:EA:A8:9D:0F,-68,2016,1,26,8,49,6
F4:B8:5E:C4:8F:EE,-73,2016,1,26,8,49,6
68:9E:19:11:A6:DB,-68,2016,1,26,8,49,6
F4:B8:5E:DC:A9:F8,-68,2016,1,26,8,49,6
F4:B8:5E:C4:63:25,-65,2016,1,26,8,49,36
74:DA:EA:A8:9D:0F,-65,2016,1,26,8,49,36
F4:B8:5E:C4:8F:EE,-68,2016,1,26,8,49,36
68:9E:19:11:A6:DB,-68,2016,1,26,8,49,36
F4:B8:5E:DC:A9:F8,-68,2016,1,26,8,49,36
F4:B8:5E:C4:8F:EE,-65,2016,1,26,8,50,7
74:DA:EA:A8:9D:0F,-68,2016,1,26,8,50,7
F4:B8:5E:C4:63:25,-66,2016,1,26,8,50,7
F4:B8:5E:DC:A9:F8,-65,2016,1,26,8,50,7
68:9E:19:11:A6:DB,-68,2016,1,26,8,50,7
F4:B8:5E:C4:63:25,-68,2016,1,26,8,50,37
74:DA:EA:A8:9D:0F,-65,2016,1,26,8,50,37
F4:B8:5E:C4:8F:EE,-68,2016,1,26,8,50,37
68:9E:19:11:A6:DB,-65,2016,1,26,8,50,37
F4:B8:5E:DC:A9:F8,-68,2016,1,26,8,50,37
F4:B8:5E:C4:8F:EE,-68,2016,1,26,8,51,7
74:DA:EA:A8:9D:0F,-68,2016,1,26,8,51,7
F4:B8:5E:C4:63:25,-68,2016,1,26,8,51,7
68:9E:19:11:A6:DB,-68,2016,1,26,8,51,7
F4:B8:5E:DC:A9:F8,-68,2016,1,26,8,51,7
F4:B8:5E:C4:63:25,-66,2016,1,26,8,51,38
74:DA:EA:A8:9D:0F,-68,2016,1,26,8,51,38
F4:B8:5E:C4:8F:EE,-70,2016,1,26,8,51,38
68:9E:19:11:A6:DB,-68,2016,1,26,8,51,38
F4:B8:5E:DC:A9:F8,-76,2016,1,26,8,51,38
F4:B8:5E:C4:63:25,-68,2016,1,26,8,52,8
74:DA:EA:A8:9D:0F,-67,2016,1,26,8,52,8
F4:B8:5E:C4:8F:EE,-81,2016,1,26,8,52,8
68:9E:19:11:A6:DB,-68,2016,1,26,8,52,8
F4:B8:5E:DC:A9:F8,-68,2016,1,26,8,52,8
F4:B8:5E:C4:8F:EE,-66,2016,1,26,8,52,38
74:DA:EA:A8:9D:0F,-68,2016,1,26,8,52,38
F4:B8:5E:C4:63:25,-68,2016,1,26,8,52,38
68:9E:19:11:A6:DB,-68,2016,1,26,8,52,38
F4:B8:5E:DC:A9:F8,-67,2016,1,26,8,52,38
F4:B8:5E:C4:63:25,-68,2016,1,26,8,53,8
74:DA:EA:A8:9D:0F,-68,2016,1,26,8,53,8
F4:B8:5E:C4:8F:EE,-68,2016,1,26,8,53,8
F4:B8:5E:DC:A9:F8,-73,2016,1,26,8,53,8
68:9E:19:11:A6:DB,-68,2016,1,26,8,53,8
F4:B8:5E:C4:63:25,-68,2016,1,26,8,53,38
74:DA:EA:A8:9D:0F,-73,2016,1,26,8,53,38
F4:B8:5E:C4:8F:EE,-70,2016,1,26,8,53,38
F4:B8:5E:DC:A9:F8,-65,2016,1,26,8,53,38
68:9E:19:11:A6:DB,-65,2016,1,26,8,53,38
F4:B8:5E:C4:8F:EE,-68,2016,1,26,8,54,9
74:DA:EA:A8:9D:0F,-72,2016,1,26,8,54,9
F4:B8:5E:C4:63:25,-68,2016,1,26,8,54,9
68:9E:19:11:A6:DB,-65,2016,1,26,8,54,9
F4:B8:5E:DC:A9:F8,-70,2016,1,26,8,54,9
F4:B8:5E:C4:63:25,-68,2016,1,26,8,54,40
74:DA:EA:A8:9D:0F,-70,2016,1,26,8,54,40
F4:B8:5E:C4:8F:EE,-65,2016,1,26,8,54,40
F4:B8:5E:DC:A9:F8,-68,2016,1,26,8,54,40
68:9E:19:11:A6:DB,-68,2016,1,26,8,54,40
F4:B8:5E:C4:63:25,-65,2016,1,26,8,55,10
74:DA:EA:A8:9D:0F,-71,2016,1,26,8,55,10
F4:B8:5E:C4:8F:EE,-69,2016,1,26,8,55,10
F4:B8:5E:DC:A9:F8,-66,2016,1,26,8,55,10
68:9E:19:11:A6:DB,-68,2016,1,26,8,55,10
F4:B8:5E:C4:63:25,-68,2016,1,26,8,55,41
74:DA:EA:A8:9D:0F,-72,2016,1,26,8,55,41
F4:B8:5E:C4:8F:EE,-68,2016,1,26,8,55,41
68:9E:19:11:A6:DB,-68,2016,1,26,8,55,41
F4:B8:5E:DC:A9:F8,-66,2016,1,26,8,55,41
F4:B8:5E:C4:8F:EE,-81,2016,1,26,8,56,11
74:DA:EA:A8:9D:0F,-87,2016,1,26,8,56,11
F4:B8:5E:C4:63:25,-79,2016,1,26,8,56,11
68:9E:19:11:A6:DB,-77,2016,1,26,8,56,11
F4:B8:5E:DC:A9:F8,-73,2016,1,26,8,56,11
F4:B8:5E:C4:8F:EE,-68,2016,1,26,8,56,42
74:DA:EA:A8:9D:0F,-84,2016,1,26,8,56,42
F4:B8:5E:C4:63:25,-74,2016,1,26,8,56,42
F4:B8:5E:DC:A9:F8,-68,2016,1,26,8,56,42
68:9E:19:11:A6:DB,-78,2016,1,26,8,56,42
F4:B8:5E:C4:63:25,-89,2016,1,26,8,57,12
74:DA:EA:A8:9D:0F,-89,2016,1,26,8,57,12
F4:B8:5E:C4:8F:EE,-84,2016,1,26,8,57,12
F4:B8:5E:DC:A9:F8,-89,2016,1,26,8,57,12
68:9E:19:11:A6:DB,-87,2016,1,26,8,57,12
F4:B8:5E:C4:8F:EE,-91,2016,1,26,8,57,42
74:DA:EA:A8:9D:0F,-94,2016,1,26,8,57,42
F4:B8:5E:C4:63:25,-84,2016,1,26,8,57,42
68:9E:19:11:A6:DB,-89,2016,1,26,8,57,42
F4:B8:5E:DC:A9:F8,-87,2016,1,26,8,57,42
F4:B8:5E:C4:8F:EE,-92,2016,1,26,8,58,12
74:DA:EA:A8:9D:0F,-83,2016,1,26,8,58,12
F4:B8:5E:C4:63:25,-86,2016,1,26,8,58,12
68:9E:19:11:A6:DB,-92,2016,1,26,8,58,12
F4:B8:5E:DC:A9:F8,-72,2016,1,26,8,58,12
F4:B8:5E:C4:63:25,-83,2016,1,26,8,58,43
74:DA:EA:A8:9D:0F,-69,2016,1,26,8,58,43
F4:B8:5E:C4:8F:EE,-80,2016,1,26,8,58,43
F4:B8:5E:DC:A9:F8,-77,2016,1,26,8,58,43
68:9E:19:11:A6:DB,-74,2016,1,26,8,58,43
F4:B8:5E:C4:8F:EE,-84,2016,1,26,8,59,14
74:DA:EA:A8:9D:0F,-80,2016,1,26,8,59,14
F4:B8:5E:C4:63:25,-85,2016,1,26,8,59,14
68:9E:19:11:A6:DB,-89,2016,1,26,8,59,14
F4:B8:5E:DC:A9:F8,-81,2016,1,26,8,59,14
F4:B8:5E:C4:8F:EE,-77,2016,1,26,8,59,45
74:DA:EA:A8:9D:0F,-83,2016,1,26,8,59,45
F4:B8:5E:C4:63:25,-88,2016,1,26,8,59,45
68:9E:19:11:A6:DB,-81,2016,1,26,8,59,45
F4:B8:5E:DC:A9:F8,-78,2016,1,26,8,59,45
F4:B8:5E:C4:8F:EE,-84,2016,1,26,9,7,46
74:DA:EA:A8:9D:0F,-88,2016,1,26,9,7,46
F4:B8:5E:C4:63:25,-91,2016,1,26,9,7,46
F4:B8:5E:DC:A9:F8,-89,2016,1,26,9,7,46
68:9E:19:11:A6:DB,-91,2016,1,26,9,7,46
F4:B8:5E:C4:63:25,-87,2016,1,26,9,8,16
74:DA:EA:A8:9D:0F,-95,2016,1,26,9,8,16
F4:B8:5E:C4:8F:EE,-92,2016,1,26,9,8,16
F4:B8:5E:DC:A9:F8,-94,2016,1,26,9,8,16
68:9E:19:11:A6:DB,-92,2016,1,26,9,8,16
F4:B8:5E:C4:8F:EE,-98,2016,1,26,9,8,46
68:9E:19:11:A6:DB,-90,2016,1,26,9,8,46
68:9E:19:11:A6:DB,-95,2016,1,26,9,9,17
68:9E:19:11:A6:DB,-96,2016,1,26,9,9,48
68:9E:19:11:A6:DB,-95,2016,1,26,9,10,19
68:9E:19:11:A6:DB,-84,2016,1,26,9,10,49
68:9E:19:11:A6:DB,-95,2016,1,26,9,11,19
68:9E:19:11:A6:DB,-94,2016,1,26,9,11,50
68:9E:19:11:A6:DB,-89,2016,1,26,9,12,20
68:9E:19:11:A6:DB,-96,2016,1,26,9,12,50
68:9E:19:11:A6:DB,-91,2016,1,26,9,13,20
68:9E:19:11:A6:DB,-96,2016,1,26,9,19,22
68:9E:19:11:A6:DB,-95,2016,1,26,9,21,53
68:9E:19:11:A6:DB,-91,2016,1,26,9,22,23
68:9E:19:11:A6:DB,-93,2016,1,26,9,22,54
68:9E:19:11:A6:DB,-97,2016,1,26,9,23,24
68:9E:19:11:A6:DB,-93,2016,1,26,9,23,55
68:9E:19:11:A6:DB,-92,2016,1,26,9,24,55
68:9E:19:11:A6:DB,-98,2016,1,26,9,25,26
68:9E:19:11:A6:DB,-94,2016,1,26,9,25,57
68:9E:19:11:A6:DB,-91,2016,1,26,9,26,27
68:9E:19:11:A6:DB,-91,2016,1,26,9,27,58
68:9E:19:11:A6:DB,-87,2016,1,26,9,28,29
68:9E:19:11:A6:DB,-81,2016,1,26,9,28,59
68:9E:19:11:A6:DB,-93,2016,1,26,9,29,29
F4:B8:5E:C4:63:25,-97,2016,1,26,9,29,59
74:DA:EA:A8:9D:0F,-100,2016,1,26,9,34,30
F4:B8:5E:C4:8F:EE,-87,2016,1,26,9,37,32
F4:B8:5E:C4:63:25,-97,2016,1,26,9,37,32
F4:B8:5E:DC:A9:F8,-89,2016,1,26,9,37,32
F4:B8:5E:C4:63:25,-96,2016,1,26,9,38,2
F4:B8:5E:DC:A9:F8,-96,2016,1,26,9,38,2
74:DA:EA:A8:9D:0F,-93,2016,1,26,9,38,33
F4:B8:5E:C4:63:25,-94,2016,1,26,9,38,33
F4:B8:5E:DC:A9:F8,-91,2016,1,26,9,38,33
74:DA:EA:A8:9D:0F,-95,2016,1,26,9,39,4
F4:B8:5E:C4:63:25,-97,2016,1,26,9,39,4
F4:B8:5E:DC:A9:F8,-86,2016,1,26,9,39,4
F4:B8:5E:C4:8F:EE,-98,2016,1,26,9,39,34
74:DA:EA:A8:9D:0F,-99,2016,1,26,9,39,34
F4:B8:5E:C4:63:25,-92,2016,1,26,9,39,34
F4:B8:5E:DC:A9:F8,-87,2016,1,26,9,39,34
F4:B8:5E:C4:8F:EE,-96,2016,1,26,9,40,4
74:DA:EA:A8:9D:0F,-99,2016,1,26,9,40,4
F4:B8:5E:C4:63:25,-97,2016,1,26,9,40,4
F4:B8:5E:DC:A9:F8,-90,2016,1,26,9,40,4
F4:B8:5E:C4:8F:EE,-91,2016,1,26,9,40,34
74:DA:EA:A8:9D:0F,-97,2016,1,26,9,40,34
F4:B8:5E:C4:63:25,-89,2016,1,26,9,40,34
F4:B8:5E:DC:A9:F8,-98,2016,1,26,9,40,34
74:DA:EA:A8:9D:0F,-95,2016,1,26,9,41,5
F4:B8:5E:C4:63:25,-93,2016,1,26,9,41,5
F4:B8:5E:DC:A9:F8,-96,2016,1,26,9,41,5
F4:B8:5E:C4:8F:EE,-93,2016,1,26,9,41,35
74:DA:EA:A8:9D:0F,-95,2016,1,26,9,41,35
F4:B8:5E:C4:63:25,-95,2016,1,26,9,41,35
F4:B8:5E:DC:A9:F8,-91,2016,1,26,9,41,35
F4:B8:5E:C4:63:25,-92,2016,1,26,9,42,5
F4:B8:5E:C4:8F:EE,-95,2016,1,26,9,42,5
F4:B8:5E:DC:A9:F8,-89,2016,1,26,9,42,5
F4:B8:5E:C4:8F:EE,-96,2016,1,26,9,42,35
F4:B8:5E:C4:63:25,-95,2016,1,26,9,42,35
F4:B8:5E:DC:A9:F8,-90,2016,1,26,9,42,35
F4:B8:5E:C4:8F:EE,-94,2016,1,26,9,43,5
F4:B8:5E:C4:63:25,-93,2016,1,26,9,43,5
F4:B8:5E:DC:A9:F8,-90,2016,1,26,9,43,5
F4:B8:5E:C4:63:25,-93,2016,1,26,9,43,35
74:DA:EA:A8:9D:0F,-95,2016,1,26,9,43,35
F4:B8:5E:C4:8F:EE,-94,2016,1,26,9,43,35
F4:B8:5E:DC:A9:F8,-91,2016,1,26,9,43,35
F4:B8:5E:C4:8F:EE,-96,2016,1,26,9,44,6
F4:B8:5E:C4:63:25,-96,2016,1,26,9,44,6
F4:B8:5E:DC:A9:F8,-95,2016,1,26,9,44,6
F4:B8:5E:DC:A9:F8,-91,2016,1,26,9,44,36
F4:B8:5E:DC:A9:F8,-95,2016,1,26,9,45,7
F4:B8:5E:DC:A9:F8,-95,2016,1,26,9,45,38
F4:B8:5E:DC:A9:F8,-96,2016,1,26,9,46,9
74:DA:EA:A8:9D:0F,-96,2016,1,26,9,46,39
F4:B8:5E:C4:8F:EE,-89,2016,1,26,9,46,39
F4:B8:5E:DC:A9:F8,-93,2016,1,26,9,46,39
F4:B8:5E:C4:8F:EE,-92,2016,1,26,9,47,10
F4:B8:5E:C4:8F:EE,-96,2016,1,26,9,47,41
F4:B8:5E:C4:8F:EE,-91,2016,1,26,9,48,11
F4:B8:5E:C4:8F:EE,-95,2016,1,26,9,48,41
F4:B8:5E:C4:8F:EE,-99,2016,1,26,9,49,11
F4:B8:5E:C4:8F:EE,-99,2016,1,26,9,49,42
F4:B8:5E:C4:8F:EE,-94,2016,1,26,9,50,12
F4:B8:5E:C4:8F:EE,-89,2016,1,26,9,50,43
F4:B8:5E:C4:8F:EE,-96,2016,1,26,9,51,14
F4:B8:5E:C4:8F:EE,-98,2016,1,26,9,51,45
F4:B8:5E:C4:8F:EE,-96,2016,1,26,9,52,15
F4:B8:5E:C4:8F:EE,-97,2016,1,26,9,52,46
F4:B8:5E:C4:8F:EE,-94,2016,1,26,9,53,16
F4:B8:5E:C4:8F:EE,-95,2016,1,26,9,53,47
F4:B8:5E:C4:8F:EE,-90,2016,1,26,9,54,17
F4:B8:5E:C4:8F:EE,-92,2016,1,26,9,54,47
F4:B8:5E:C4:8F:EE,-91,2016,1,26,9,55,18
F4:B8:5E:C4:8F:EE,-96,2016,1,26,9,55,48
F4:B8:5E:C4:8F:EE,-94,2016,1,26,9,56,19
F4:B8:5E:C4:8F:EE,-98,2016,1,26,9,56,50
F4:B8:5E:C4:8F:EE,-95,2016,1,26,9,57,21
F4:B8:5E:C4:8F:EE,-90,2016,1,26,9,57,52
F4:B8:5E:C4:8F:EE,-92,2016,1,26,9,58,22
F4:B8:5E:C4:8F:EE,-88,2016,1,26,9,58,53
F4:B8:5E:C4:8F:EE,-89,2016,1,26,9,59,23
F4:B8:5E:C4:8F:EE,-87,2016,1,26,9,59,54
F4:B8:5E:C4:8F:EE,-86,2016,1,26,10,0,24
F4:B8:5E:C4:8F:EE,-86,2016,1,26,10,0,54
F4:B8:5E:DC:A9:F8,-97,2016,1,26,10,0,54
F4:B8:5E:C4:8F:EE,-89,2016,1,26,10,1,25
F4:B8:5E:C4:8F:EE,-98,2016,1,26,10,1,56
F4:B8:5E:C4:8F:EE,-94,2016,1,26,10,2,27
F4:B8:5E:C4:8F:EE,-96,2016,1,26,10,2,58
74:DA:EA:A8:9D:0F,-96,2016,1,26,10,2,58
F4:B8:5E:C4:63:25,-97,2016,1,26,10,2,58
F4:B8:5E:DC:A9:F8,-90,2016,1,26,10,2,58
74:DA:EA:A8:9D:0F,-94,2016,1,26,10,3,28
F4:B8:5E:C4:63:25,-94,2016,1,26,10,3,28
F4:B8:5E:DC:A9:F8,-91,2016,1,26,10,3,28
74:DA:EA:A8:9D:0F,-98,2016,1,26,10,3,58
F4:B8:5E:C4:63:25,-95,2016,1,26,10,3,58
F4:B8:5E:DC:A9:F8,-97,2016,1,26,10,3,58
74:DA:EA:A8:9D:0F,-96,2016,1,26,10,4,28
F4:B8:5E:C4:63:25,-96,2016,1,26,10,4,28
F4:B8:5E:DC:A9:F8,-91,2016,1,26,10,4,28
74:DA:EA:A8:9D:0F,-86,2016,1,26,10,4,58
F4:B8:5E:C4:63:25,-96,2016,1,26,10,4,58
F4:B8:5E:DC:A9:F8,-91,2016,1,26,10,4,58
74:DA:EA:A8:9D:0F,-92,2016,1,26,10,5,29
F4:B8:5E:C4:63:25,-90,2016,1,26,10,5,29
F4:B8:5E:DC:A9:F8,-91,2016,1,26,10,5,29
74:DA:EA:A8:9D:0F,-96,2016,1,26,10,5,59
F4:B8:5E:C4:63:25,-95,2016,1,26,10,5,59
F4:B8:5E:DC:A9:F8,-94,2016,1,26,10,5,59
74:DA:EA:A8:9D:0F,-96,2016,1,26,10,6,29
F4:B8:5E:DC:A9:F8,-98,2016,1,26,10,6,29
74:DA:EA:A8:9D:0F,-96,2016,1,26,10,6,59
F4:B8:5E:C4:63:25,-97,2016,1,26,10,6,59
F4:B8:5E:DC:A9:F8,-94,2016,1,26,10,6,59
74:DA:EA:A8:9D:0F,-88,2016,1,26,10,7,30
F4:B8:5E:DC:A9:F8,-92,2016,1,26,10,7,30
F4:B8:5E:DC:A9:F8,-90,2016,1,26,10,8,0
F4:B8:5E:DC:A9:F8,-97,2016,1,26,10,8,31
F4:B8:5E:DC:A9:F8,-99,2016,1,26,10,9,2
F4:B8:5E:DC:A9:F8,-92,2016,1,26,10,10,3
F4:B8:5E:DC:A9:F8,-98,2016,1,26,10,11,3
F4:B8:5E:DC:A9:F8,-96,2016,1,26,10,11,33
F4:B8:5E:DC:A9:F8,-97,2016,1,26,10,12,3
F4:B8:5E:DC:A9:F8,-93,2016,1,26,10,13,35
F4:B8:5E:DC:A9:F8,-92,2016,1,26,10,16,5
F4:B8:5E:DC:A9:F8,-96,2016,1,26,10,17,5
F4:B8:5E:DC:A9:F8,-98,2016,1,26,10,18,7
F4:B8:5E:DC:A9:F8,-98,2016,1,26,10,19,37
F4:B8:5E:DC:A9:F8,-93,2016,1,26,10,21,8
F4:B8:5E:DC:A9:F8,-93,2016,1,26,10,21,38
F4:B8:5E:DC:A9:F8,-89,2016,1,26,10,22,8
F4:B8:5E:DC:A9:F8,-94,2016,1,26,10,22,39
F4:B8:5E:DC:A9:F8,-93,2016,1,26,10,23,10
F4:B8:5E:C4:63:25,-93,2016,1,26,10,30,12
74:DA:EA:A8:9D:0F,-83,2016,1,26,10,30,42
F4:B8:5E:C4:63:25,-82,2016,1,26,10,30,42
74:DA:EA:A8:9D:0F,-94,2016,1,26,10,31,13
F4:B8:5E:C4:63:25,-95,2016,1,26,10,31,13
74:DA:EA:A8:9D:0F,-94,2016,1,26,10,31,43
F4:B8:5E:C4:63:25,-90,2016,1,26,10,31,43
74:DA:EA:A8:9D:0F,-93,2016,1,26,10,32,13
F4:B8:5E:C4:63:25,-84,2016,1,26,10,32,13
74:DA:EA:A8:9D:0F,-96,2016,1,26,10,33,14
F4:B8:5E:C4:63:25,-84,2016,1,26,10,33,14
74:DA:EA:A8:9D:0F,-94,2016,1,26,10,33,44
F4:B8:5E:C4:63:25,-86,2016,1,26,10,33,44
74:DA:EA:A8:9D:0F,-92,2016,1,26,10,34,15
F4:B8:5E:C4:63:25,-92,2016,1,26,10,34,15
74:DA:EA:A8:9D:0F,-96,2016,1,26,10,34,46
F4:B8:5E:C4:63:25,-95,2016,1,26,10,34,46
74:DA:EA:A8:9D:0F,-98,2016,1,26,10,35,17
F4:B8:5E:C4:63:25,-93,2016,1,26,10,35,17
74:DA:EA:A8:9D:0F,-92,2016,1,26,10,35,48
F4:B8:5E:C4:63:25,-94,2016,1,26,10,35,48
F4:B8:5E:C4:63:25,-96,2016,1,26,10,36,18
74:DA:EA:A8:9D:0F,-98,2016,1,26,10,36,49
F4:B8:5E:C4:63:25,-93,2016,1,26,10,36,49
74:DA:EA:A8:9D:0F,-93,2016,1,26,10,37,20
F4:B8:5E:C4:63:25,-93,2016,1,26,10,37,20
74:DA:EA:A8:9D:0F,-93,2016,1,26,10,37,51
F4:B8:5E:C4:63:25,-92,2016,1,26,10,37,51
74:DA:EA:A8:9D:0F,-95,2016,1,26,10,38,22
F4:B8:5E:C4:63:25,-99,2016,1,26,10,38,22
74:DA:EA:A8:9D:0F,-90,2016,1,26,10,38,53
F4:B8:5E:C4:63:25,-88,2016,1,26,10,38,53
74:DA:EA:A8:9D:0F,-96,2016,1,26,10,39,24
F4:B8:5E:C4:63:25,-93,2016,1,26,10,39,24
F4:B8:5E:C4:63:25,-88,2016,1,26,10,39,54
74:DA:EA:A8:9D:0F,-88,2016,1,26,10,40,25
F4:B8:5E:C4:63:25,-90,2016,1,26,10,40,25
74:DA:EA:A8:9D:0F,-85,2016,1,26,10,40,56
F4:B8:5E:C4:63:25,-91,2016,1,26,10,40,56
74:DA:EA:A8:9D:0F,-91,2016,1,26,10,41,26
F4:B8:5E:C4:63:25,-96,2016,1,26,10,41,26
74:DA:EA:A8:9D:0F,-90,2016,1,26,10,41,56
F4:B8:5E:C4:63:25,-87,2016,1,26,10,41,56
74:DA:EA:A8:9D:0F,-86,2016,1,26,10,42,27
F4:B8:5E:C4:63:25,-90,2016,1,26,10,42,27
F4:B8:5E:C4:63:25,-91,2016,1,26,10,42,58
F4:B8:5E:C4:63:25,-90,2016,1,26,10,43,29
F4:B8:5E:C4:63:25,-91,2016,1,26,10,44,0
F4:B8:5E:C4:63:25,-95,2016,1,26,10,44,31
74:DA:EA:A8:9D:0F,-87,2016,1,26,10,45,1
F4:B8:5E:C4:63:25,-97,2016,1,26,10,45,1
74:DA:EA:A8:9D:0F,-87,2016,1,26,10,45,31
F4:B8:5E:C4:63:25,-93,2016,1,26,10,45,31
74:DA:EA:A8:9D:0F,-93,2016,1,26,10,46,1
F4:B8:5E:C4:63:25,-86,2016,1,26,10,46,1
74:DA:EA:A8:9D:0F,-96,2016,1,26,10,46,31
F4:B8:5E:C4:63:25,-94,2016,1,26,10,46,31
F4:B8:5E:C4:63:25,-90,2016,1,26,10,47,1
74:DA:EA:A8:9D:0F,-99,2016,1,26,10,47,31
F4:B8:5E:C4:63:25,-89,2016,1,26,10,47,31
F4:B8:5E:C4:63:25,-89,2016,1,26,10,48,2
F4:B8:5E:C4:63:25,-86,2016,1,26,10,48,33
F4:B8:5E:C4:63:25,-92,2016,1,26,10,49,4
F4:B8:5E:C4:63:25,-90,2016,1,26,10,49,35
F4:B8:5E:C4:63:25,-86,2016,1,26,10,50,6
F4:B8:5E:C4:63:25,-89,2016,1,26,10,50,37
F4:B8:5E:C4:63:25,-85,2016,1,26,10,51,7
F4:B8:5E:C4:63:25,-93,2016,1,26,10,51,37
F4:B8:5E:C4:63:25,-87,2016,1,26,10,52,7
F4:B8:5E:C4:63:25,-87,2016,1,26,10,52,37
F4:B8:5E:C4:63:25,-92,2016,1,26,10,53,8
F4:B8:5E:C4:63:25,-86,2016,1,26,10,53,39
F4:B8:5E:C4:63:25,-89,2016,1,26,10,54,10
F4:B8:5E:C4:63:25,-95,2016,1,26,10,54,41
F4:B8:5E:C4:63:25,-89,2016,1,26,10,55,11
F4:B8:5E:C4:63:25,-95,2016,1,26,10,55,41
F4:B8:5E:C4:63:25,-95,2016,1,26,10,56,12
F4:B8:5E:C4:63:25,-95,2016,1,26,10,56,42
F4:B8:5E:C4:63:25,-92,2016,1,26,10,57,12
F4:B8:5E:C4:63:25,-97,2016,1,26,10,57,42
F4:B8:5E:C4:63:25,-98,2016,1,26,10,58,13
F4:B8:5E:C4:63:25,-96,2016,1,26,10,58,44
F4:B8:5E:C4:63:25,-98,2016,1,26,10,59,14
F4:B8:5E:C4:63:25,-98,2016,1,26,11,0,44
F4:B8:5E:C4:63:25,-93,2016,1,26,11,1,14
F4:B8:5E:C4:63:25,-97,2016,1,26,11,2,15
F4:B8:5E:C4:63:25,-96,2016,1,26,11,2,45
F4:B8:5E:C4:63:25,-99,2016,1,26,11,3,46
F4:B8:5E:C4:5F:BE,-98,2016,1,26,18,32,15
F4:B8:5E:C4:5F:BE,-98,2016,1,26,18,32,45
F4:B8:5E:C4:5F:BE,-99,2016,1,26,18,33,15
F4:B8:5E:C4:5F:BE,-97,2016,1,26,18,33,45
F4:B8:5E:C4:5F:BE,-97,2016,1,26,18,34,15
F4:B8:5E:C4:5F:BE,-98,2016,1,26,18,34,46
F4:B8:5E:C4:5F:BE,-98,2016,1,26,18,35,17
F4:B8:5E:C4:5F:BE,-98,2016,1,26,18,35,47
F4:B8:5E:C4:5F:BE,-99,2016,1,26,18,40,18
F4:B8:5E:C4:5F:BE,-99,2016,1,26,18,43,19
F4:B8:5E:C4:5F:BE,-94,2016,1,26,18,43,49
F4:B8:5E:C4:5F:BE,-98,2016,1,26,18,44,20
F4:B8:5E:C4:5F:BE,-98,2016,1,26,18,46,51
F4:B8:5E:C4:5F:BE,-100,2016,1,26,18,47,22
F4:B8:5E:C4:5F:BE,-99,2016,1,26,18,48,23
F4:B8:5E:C4:5F:BE,-100,2016,1,26,18,48,54
F4:B8:5E:C4:5F:BE,-93,2016,1,26,18,53,55
F4:B8:5E:C4:5F:BE,-102,2016,1,26,18,56,57
F4:B8:5E:C4:5F:BE,-101,2016,1,26,19,13,1
F4:B8:5E:C4:5F:BE,-98,2016,1,26,19,13,32
F4:B8:5E:C4:5F:BE,-100,2016,1,26,19,14,2
F4:B8:5E:C4:5F:BE,-99,2016,1,26,19,23,35
F4:B8:5E:C4:5F:BE,-101,2016,1,26,19,26,6
F4:B8:5E:C4:5F:BE,-95,2016,1,26,19,27,7
F4:B8:5E:C4:5F:BE,-99,2016,1,26,19,27,38
F4:B8:5E:C4:5F:BE,-100,2016,1,26,19,29,8
F4:B8:5E:C4:5F:BE,-97,2016,1,26,19,32,10
F4:B8:5E:C4:5F:BE,-93,2016,1,26,19,56,45
F4:B8:5E:C4:5F:BE,-94,2016,1,26,19,57,16
F4:B8:5E:C4:5F:BE,-96,2016,1,26,19,59,16
F4:B8:5E:C4:5F:BE,-85,2016,1,26,19,59,47
F4:B8:5E:C4:5F:BE,-81,2016,1,26,20,0,17
F4:B8:5E:C4:5F:BE,-83,2016,1,26,20,0,47
F4:B8:5E:C4:5F:BE,-85,2016,1,26,20,1,17
F4:B8:5E:C4:5F:BE,-80,2016,1,26,20,1,48
F4:B8:5E:C4:5F:BE,-81,2016,1,26,20,2,19
F4:B8:5E:C4:5F:BE,-82,2016,1,26,20,2,49
F4:B8:5E:C4:5F:BE,-83,2016,1,26,20,3,20
F4:B8:5E:C4:5F:BE,-82,2016,1,26,20,3,51
F4:B8:5E:C4:5F:BE,-84,2016,1,26,20,4,22
F4:B8:5E:C4:5F:BE,-83,2016,1,26,20,4,52
F4:B8:5E:C4:5F:BE,-84,2016,1,26,20,5,22
F4:B8:5E:C4:5F:BE,-84,2016,1,26,20,5,52
F4:B8:5E:C4:5F:BE,-85,2016,1,26,20,6,22
F4:B8:5E:C4:5F:BE,-85,2016,1,26,20,6,53
F4:B8:5E:C4:5F:BE,-87,2016,1,26,20,7,24
F4:B8:5E:C4:5F:BE,-84,2016,1,26,20,7,55
F4:B8:5E:C4:5F:BE,-89,2016,1,26,20,8,26
F4:B8:5E:C4:5F:BE,-84,2016,1,26,20,8,57
F4:B8:5E:C4:5F:BE,-82,2016,1,26,20,9,27
F4:B8:5E:C4:5F:BE,-82,2016,1,26,20,9,57
F4:B8:5E:C4:5F:BE,-81,2016,1,26,20,10,27
F4:B8:5E:C4:5F:BE,-81,2016,1,26,20,10,57
F4:B8:5E:C4:5F:BE,-81,2016,1,26,20,11,27
F4:B8:5E:C4:5F:BE,-81,2016,1,26,20,11,58
F4:B8:5E:C4:5F:BE,-82,2016,1,26,20,12,28
F4:B8:5E:C4:5F:BE,-81,2016,1,26,20,12,59
F4:B8:5E:C4:5F:BE,-83,2016,1,26,20,13,30
F4:B8:5E:C4:5F:BE,-82,2016,1,26,20,14,1
F4:B8:5E:C4:5F:BE,-89,2016,1,26,20,14,32
F4:B8:5E:C4:5F:BE,-87,2016,1,26,20,15,3
F4:B8:5E:C4:5F:BE,-82,2016,1,26,20,15,33
F4:B8:5E:C4:5F:BE,-80,2016,1,26,20,16,3
F4:B8:5E:C4:5F:BE,-82,2016,1,26,20,16,34
F4:B8:5E:C4:5F:BE,-80,2016,1,26,20,17,5
F4:B8:5E:C4:5F:BE,-85,2016,1,26,20,17,36
F4:B8:5E:C4:5F:BE,-90,2016,1,26,20,18,6
F4:B8:5E:C4:5F:BE,-80,2016,1,26,20,18,37
F4:B8:5E:C4:5F:BE,-89,2016,1,26,20,19,8
F4:B8:5E:C4:5F:BE,-87,2016,1,26,20,19,39
F4:B8:5E:C4:5F:BE,-81,2016,1,26,20,20,9
F4:B8:5E:C4:5F:BE,-84,2016,1,26,20,20,39
F4:B8:5E:C4:5F:BE,-80,2016,1,26,20,21,10
F4:B8:5E:C4:5F:BE,-82,2016,1,26,20,21,40
F4:B8:5E:C4:5F:BE,-83,2016,1,26,20,22,11
F4:B8:5E:C4:5F:BE,-81,2016,1,26,20,22,41
F4:B8:5E:C4:5F:BE,-82,2016,1,26,20,23,12
F4:B8:5E:C4:5F:BE,-83,2016,1,26,20,23,43
F4:B8:5E:C4:5F:BE,-84,2016,1,26,20,24,13
F4:B8:5E:C4:5F:BE,-83,2016,1,26,20,24,43
F4:B8:5E:C4:5F:BE,-80,2016,1,26,20,25,13
F4:B8:5E:C4:5F:BE,-84,2016,1,26,20,25,44
F4:B8:5E:C4:5F:BE,-80,2016,1,26,20,26,14
F4:B8:5E:C4:5F:BE,-82,2016,1,26,20,26,44
F4:B8:5E:C4:5F:BE,-89,2016,1,26,20,27,15
F4:B8:5E:C4:5F:BE,-89,2016,1,26,20,27,46
F4:B8:5E:C4:5F:BE,-88,2016,1,26,20,28,17
F4:B8:5E:C4:5F:BE,-84,2016,1,26,20,28,48
F4:B8:5E:C4:5F:BE,-89,2016,1,26,20,29,18
F4:B8:5E:C4:5F:BE,-82,2016,1,26,20,29,49
F4:B8:5E:C4:5F:BE,-85,2016,1,26,20,30,19
F4:B8:5E:C4:5F:BE,-85,2016,1,26,20,30,49
F4:B8:5E:C4:5F:BE,-82,2016,1,26,20,31,20
F4:B8:5E:C4:5F:BE,-89,2016,1,26,20,31,50
F4:B8:5E:C4:5F:BE,-85,2016,1,26,20,32,21
F4:B8:5E:C4:5F:BE,-84,2016,1,26,20,32,52
F4:B8:5E:C4:5F:BE,-82,2016,1,26,20,33,23
F4:B8:5E:C4:5F:BE,-88,2016,1,26,20,33,54
F4:B8:5E:C4:5F:BE,-88,2016,1,26,20,34,25
F4:B8:5E:C4:5F:BE,-83,2016,1,26,20,34,56
F4:B8:5E:C4:5F:BE,-81,2016,1,26,20,35,26
F4:B8:5E:C4:5F:BE,-82,2016,1,26,20,35,56
F4:B8:5E:C4:5F:BE,-85,2016,1,26,20,36,26
F4:B8:5E:C4:5F:BE,-88,2016,1,26,20,36,56
F4:B8:5E:C4:5F:BE,-82,2016,1,26,20,37,27
F4:B8:5E:C4:5F:BE,-82,2016,1,26,20,37,58
F4:B8:5E:C4:5F:BE,-83,2016,1,26,20,38,29
F4:B8:5E:C4:5F:BE,-84,2016,1,26,20,38,59
F4:B8:5E:C4:5F:BE,-83,2016,1,26,20,39,29
F4:B8:5E:C4:5F:BE,-83,2016,1,26,20,40,0
F4:B8:5E:C4:5F:BE,-84,2016,1,26,20,40,30
F4:B8:5E:C4:5F:BE,-84,2016,1,26,20,41,1
F4:B8:5E:C4:5F:BE,-89,2016,1,26,20,41,32
F4:B8:5E:C4:5F:BE,-87,2016,1,26,20,42,2
F4:B8:5E:C4:5F:BE,-95,2016,1,27,8,37,58
F4:B8:5E:C4:5F:BE,-95,2016,1,27,8,38,29
F4:B8:5E:C4:5F:BE,-94,2016,1,27,8,41,59
F4:B8:5E:C4:5F:BE,-95,2016,1,27,8,48,0
F4:B8:5E:C4:5F:BE,-95,2016,1,27,8,48,31
F4:B8:5E:C4:5F:BE,-96,2016,1,27,8,51,32
F4:B8:5E:C4:5F:BE,-96,2016,1,27,9,12,6
F4:B8:5E:C4:5F:BE,-92,2016,1,27,9,12,36
F4:B8:5E:C4:5F:BE,-91,2016,1,27,9,13,6
F4:B8:5E:C4:5F:BE,-95,2016,1,27,9,14,7
F4:B8:5E:C4:5F:BE,-93,2016,1,27,9,14,38
F4:B8:5E:C4:5F:BE,-89,2016,1,27,17,4,41
F4:B8:5E:C4:5F:BE,-97,2016,1,27,17,5,11
F4:B8:5E:C4:5F:BE,-98,2016,1,27,17,6,43
F4:B8:5E:C4:5F:BE,-99,2016,1,27,17,7,14
F4:B8:5E:C4:5F:BE,-99,2016,1,27,17,9,15
F4:B8:5E:C4:5F:BE,-99,2016,1,27,17,11,17
F4:B8:5E:C4:5F:BE,-98,2016,1,27,17,11,48
F4:B8:5E:C4:5F:BE,-97,2016,1,27,17,12,49
F4:B8:5E:C4:5F:BE,-94,2016,1,27,17,13,20
F4:B8:5E:C4:5F:BE,-92,2016,1,27,17,13,50
F4:B8:5E:C4:5F:BE,-94,2016,1,27,17,14,50
F4:B8:5E:C4:5F:BE,-94,2016,1,27,17,15,50
F4:B8:5E:C4:5F:BE,-93,2016,1,27,17,16,51
F4:B8:5E:C4:5F:BE,-97,2016,1,27,17,17,22
F4:B8:5E:C4:5F:BE,-94,2016,1,27,17,17,52
F4:B8:5E:C4:5F:BE,-97,2016,1,27,17,18,22
F4:B8:5E:C4:5F:BE,-95,2016,1,27,17,18,52
F4:B8:5E:C4:5F:BE,-94,2016,1,27,17,19,22
F4:B8:5E:C4:5F:BE,-93,2016,1,27,17,19,52
F4:B8:5E:C4:5F:BE,-95,2016,1,27,17,20,22
F4:B8:5E:C4:5F:BE,-93,2016,1,27,17,20,52
F4:B8:5E:C4:5F:BE,-94,2016,1,27,17,21,22
F4:B8:5E:C4:5F:BE,-96,2016,1,27,17,21,54
F4:B8:5E:C4:5F:BE,-97,2016,1,27,17,22,25
F4:B8:5E:C4:5F:BE,-96,2016,1,27,17,22,56
F4:B8:5E:C4:5F:BE,-94,2016,1,27,17,23,27
F4:B8:5E:C4:5F:BE,-93,2016,1,27,17,23,57
F4:B8:5E:C4:5F:BE,-94,2016,1,27,17,24,27
F4:B8:5E:C4:5F:BE,-93,2016,1,27,17,24,58
F4:B8:5E:C4:5F:BE,-99,2016,1,27,17,25,28
F4:B8:5E:C4:5F:BE,-95,2016,1,27,17,25,58
F4:B8:5E:C4:5F:BE,-97,2016,1,27,17,26,28
F4:B8:5E:C4:5F:BE,-94,2016,1,27,17,26,59
F4:B8:5E:C4:5F:BE,-95,2016,1,27,17,27,30
F4:B8:5E:C4:5F:BE,-96,2016,1,27,17,28,1
F4:B8:5E:C4:5F:BE,-97,2016,1,27,17,28,31
F4:B8:5E:C4:5F:BE,-94,2016,1,27,17,29,1
F4:B8:5E:C4:5F:BE,-96,2016,1,27,17,29,31
F4:B8:5E:C4:5F:BE,-95,2016,1,27,17,30,2
F4:B8:5E:C4:5F:BE,-95,2016,1,27,17,30,32
F4:B8:5E:C4:5F:BE,-95,2016,1,27,17,31,3
F4:B8:5E:C4:5F:BE,-95,2016,1,27,17,31,33
F4:B8:5E:C4:5F:BE,-95,2016,1,27,17,32,3
F4:B8:5E:C4:5F:BE,-96,2016,1,27,17,32,33
F4:B8:5E:C4:5F:BE,-98,2016,1,27,17,33,4
F4:B8:5E:C4:5F:BE,-96,2016,1,27,17,33,35
F4:B8:5E:C4:5F:BE,-97,2016,1,27,17,34,6
F4:B8:5E:C4:5F:BE,-93,2016,1,27,17,34,36
F4:B8:5E:C4:5F:BE,-94,2016,1,27,17,35,6
F4:B8:5E:C4:5F:BE,-96,2016,1,27,17,35,36
F4:B8:5E:C4:5F:BE,-97,2016,1,27,17,37,6
F4:B8:5E:C4:5F:BE,-95,2016,1,27,17,37,36
F4:B8:5E:C4:5F:BE,-92,2016,1,27,17,38,6
F4:B8:5E:C4:5F:BE,-95,2016,1,27,17,38,39
F4:B8:5E:C4:5F:BE,-94,2016,1,27,17,39,10
F4:B8:5E:C4:5F:BE,-96,2016,1,27,17,39,41
F4:B8:5E:C4:5F:BE,-95,2016,1,27,17,40,12
F4:B8:5E:C4:5F:BE,-94,2016,1,27,17,40,43
F4:B8:5E:C4:5F:BE,-95,2016,1,27,17,41,13
F4:B8:5E:C4:5F:BE,-95,2016,1,27,17,41,43
F4:B8:5E:C4:5F:BE,-94,2016,1,27,17,42,14
F4:B8:5E:C4:5F:BE,-99,2016,1,27,17,42,44
F4:B8:5E:C4:5F:BE,-95,2016,1,27,17,43,14
F4:B8:5E:C4:5F:BE,-95,2016,1,27,17,43,45
F4:B8:5E:C4:5F:BE,-95,2016,1,27,17,44,16
F4:B8:5E:C4:5F:BE,-95,2016,1,27,17,44,47
F4:B8:5E:C4:5F:BE,-93,2016,1,27,17,45,18
F4:B8:5E:C4:5F:BE,-96,2016,1,27,17,45,49
F4:B8:5E:C4:5F:BE,-94,2016,1,27,17,46,20
F4:B8:5E:C4:5F:BE,-98,2016,1,27,17,46,51
F4:B8:5E:C4:5F:BE,-92,2016,1,27,17,47,21
F4:B8:5E:C4:5F:BE,-93,2016,1,27,17,47,51
F4:B8:5E:C4:5F:BE,-96,2016,1,27,17,48,21
F4:B8:5E:C4:5F:BE,-96,2016,1,27,17,48,51
F4:B8:5E:C4:5F:BE,-93,2016,1,27,17,49,21
F4:B8:5E:C4:5F:BE,-96,2016,1,27,17,49,52
F4:B8:5E:C4:5F:BE,-93,2016,1,27,17,50,23
F4:B8:5E:C4:5F:BE,-94,2016,1,27,17,50,54
F4:B8:5E:C4:5F:BE,-96,2016,1,27,17,51,25
F4:B8:5E:C4:5F:BE,-96,2016,1,27,17,51,55
F4:B8:5E:C4:5F:BE,-97,2016,1,27,17,52,25
F4:B8:5E:C4:5F:BE,-96,2016,1,27,17,52,55
F4:B8:5E:C4:5F:BE,-95,2016,1,27,17,53,25
F4:B8:5E:C4:5F:BE,-95,2016,1,27,17,53,55
F4:B8:5E:C4:5F:BE,-96,2016,1,27,17,54,26
F4:B8:5E:C4:5F:BE,-95,2016,1,27,17,55,27
F4:B8:5E:C4:5F:BE,-95,2016,1,27,17,55,57
F4:B8:5E:C4:5F:BE,-94,2016,1,27,17,56,27
F4:B8:5E:C4:5F:BE,-94,2016,1,27,17,56,57
F4:B8:5E:C4:5F:BE,-94,2016,1,27,17,57,27
F4:B8:5E:C4:5F:BE,-91,2016,1,27,17,57,57
F4:B8:5E:C4:5F:BE,-92,2016,1,27,17,58,27
F4:B8:5E:C4:5F:BE,-93,2016,1,27,17,58,57
F4:B8:5E:C4:5F:BE,-95,2016,1,27,17,59,27
F4:B8:5E:C4:5F:BE,-92,2016,1,27,17,59,58
F4:B8:5E:C4:5F:BE,-92,2016,1,27,18,0,29
F4:B8:5E:C4:5F:BE,-94,2016,1,27,18,0,59
F4:B8:5E:C4:5F:BE,-93,2016,1,27,18,1,29
F4:B8:5E:C4:5F:BE,-92,2016,1,27,18,1,59
F4:B8:5E:C4:5F:BE,-93,2016,1,27,18,2,30
F4:B8:5E:C4:5F:BE,-93,2016,1,27,18,3,1
F4:B8:5E:C4:5F:BE,-91,2016,1,27,18,3,32
F4:B8:5E:C4:5F:BE,-97,2016,1,27,18,4,3
F4:B8:5E:C4:5F:BE,-96,2016,1,27,18,4,33
F4:B8:5E:C4:5F:BE,-97,2016,1,27,18,5,3
F4:B8:5E:C4:5F:BE,-94,2016,1,27,18,5,33
F4:B8:5E:C4:5F:BE,-96,2016,1,27,18,6,4
F4:B8:5E:C4:5F:BE,-99,2016,1,27,18,6,35
F4:B8:5E:C4:5F:BE,-96,2016,1,27,18,7,5
F4:B8:5E:C4:5F:BE,-96,2016,1,27,18,7,36
F4:B8:5E:C4:5F:BE,-97,2016,1,27,18,8,36
F4:B8:5E:C4:5F:BE,-95,2016,1,27,18,9,7
F4:B8:5E:C4:5F:BE,-98,2016,1,27,18,9,38
F4:B8:5E:C4:5F:BE,-96,2016,1,27,18,10,9
F4:B8:5E:C4:5F:BE,-96,2016,1,27,18,10,39
F4:B8:5E:C4:5F:BE,-96,2016,1,27,18,11,10
F4:B8:5E:C4:5F:BE,-94,2016,1,27,18,11,40
F4:B8:5E:C4:5F:BE,-91,2016,1,27,18,12,10
F4:B8:5E:C4:5F:BE,-98,2016,1,27,18,12,41
F4:B8:5E:C4:5F:BE,-94,2016,1,27,18,13,13
F4:B8:5E:C4:5F:BE,-93,2016,1,27,18,13,43
F4:B8:5E:C4:5F:BE,-95,2016,1,27,18,14,14
F4:B8:5E:C4:5F:BE,-93,2016,1,27,18,14,45
F4:B8:5E:C4:5F:BE,-92,2016,1,27,18,15,15
F4:B8:5E:C4:5F:BE,-96,2016,1,27,18,15,46
F4:B8:5E:C4:5F:BE,-92,2016,1,27,18,16,16
F4:B8:5E:C4:5F:BE,-97,2016,1,27,18,16,46
F4:B8:5E:C4:5F:BE,-98,2016,1,27,18,17,16
F4:B8:5E:C4:5F:BE,-94,2016,1,27,18,17,47
F4:B8:5E:C4:5F:BE,-97,2016,1,27,18,19,47
F4:B8:5E:C4:5F:BE,-94,2016,1,27,18,20,18
F4:B8:5E:C4:5F:BE,-97,2016,1,27,18,20,49
F4:B8:5E:C4:5F:BE,-99,2016,1,27,18,21,49
F4:B8:5E:C4:5F:BE,-99,2016,1,27,18,22,50
F4:B8:5E:C4:5F:BE,-98,2016,1,27,18,23,21
