F4:B8:5E:DD:47:1B,-96,2016,1,12,12,22,8
F4:B8:5E:DD:47:1B,-73,2016,1,12,12,22,39
F4:B8:5E:DD:47:1B,-77,2016,1,12,12,23,10
F4:B8:5E:DD:47:1B,-84,2016,1,12,12,23,40
F4:B8:5E:DD:47:1B,-86,2016,1,12,12,24,10
F4:B8:5E:DD:47:1B,-87,2016,1,12,12,24,40
F4:B8:5E:DD:47:1B,-86,2016,1,12,12,25,10
F4:B8:5E:DD:47:1B,-85,2016,1,12,12,25,41
F4:B8:5E:DD:47:1B,-91,2016,1,12,12,26,12
F4:B8:5E:DD:47:1B,-86,2016,1,12,12,26,43
F4:B8:5E:DD:47:1B,-93,2016,1,12,12,27,13
F4:B8:5E:DD:47:1B,-92,2016,1,12,12,27,44
F4:B8:5E:DD:47:1B,-86,2016,1,12,12,28,15
F4:B8:5E:DD:47:1B,-84,2016,1,12,12,28,46
F4:B8:5E:DD:47:1B,-85,2016,1,12,12,28,9
F4:B8:5E:DD:47:1B,-85,2016,1,12,12,28,40
F4:B8:5E:DD:47:1B,-80,2016,1,12,12,29,10
F4:B8:5E:DD:47:1B,-80,2016,1,12,12,29,41
F4:B8:5E:DD:47:1B,-83,2016,1,12,12,30,12
F4:B8:5E:DD:47:1B,-82,2016,1,12,12,30,43
F4:B8:5E:DD:47:1B,-87,2016,1,12,12,31,14
F4:B8:5E:DD:47:1B,-79,2016,1,12,12,33,54
F4:B8:5E:DD:47:1B,-78,2016,1,12,12,35,22
F4:B8:5E:DD:47:1B,-88,2016,1,12,12,35,53
F4:B8:5E:DD:47:1B,-79,2016,1,12,12,36,23
F4:B8:5E:DD:47:1B,-79,2016,1,12,12,36,53
F4:B8:5E:DD:47:1B,-93,2016,1,12,12,37,23
F4:B8:5E:DD:47:1B,-93,2016,1,12,12,37,53
F4:B8:5E:DD:47:1B,-78,2016,1,12,12,38,24
F4:B8:5E:DD:47:1B,-82,2016,1,12,12,38,54
F4:B8:5E:DD:47:1B,-76,2016,1,12,12,39,25
F4:B8:5E:DD:47:1B,-84,2016,1,12,12,39,56
F4:B8:5E:DD:47:1B,-78,2016,1,12,12,40,27
F4:B8:5E:DD:47:1B,-75,2016,1,12,12,40,58
F4:B8:5E:DD:47:1B,-76,2016,1,12,12,41,29
F4:B8:5E:DD:47:1B,-78,2016,1,12,12,42,0
F4:B8:5E:DD:47:1B,-93,2016,1,12,12,42,30
F4:B8:5E:DD:47:1B,-86,2016,1,12,12,43,0
F4:B8:5E:DD:47:1B,-90,2016,1,12,12,43,31
F4:B8:5E:DD:47:1B,-85,2016,1,12,12,44,2
F4:B8:5E:DD:47:1B,-82,2016,1,12,12,44,32
F4:B8:5E:DD:47:1B,-90,2016,1,12,12,45,3
F4:B8:5E:DD:47:1B,-82,2016,1,12,12,45,34
F4:B8:5E:DD:47:1B,-77,2016,1,12,12,46,4
F4:B8:5E:DD:47:1B,-84,2016,1,12,12,46,34
F4:B8:5E:DD:47:1B,-79,2016,1,12,12,47,4
F4:B8:5E:DD:47:1B,-80,2016,1,12,12,47,35
F4:B8:5E:DD:47:1B,-79,2016,1,12,12,48,5
F4:B8:5E:DD:47:1B,-87,2016,1,12,12,48,35
F4:B8:5E:DD:47:1B,-75,2016,1,12,12,49,5
F4:B8:5E:DD:47:1B,-86,2016,1,12,12,49,36
74:DA:EA:A8:9D:0F,-79,2016,1,15,16,25,32
F4:B8:5E:C4:8F:EE,-92,2016,1,15,16,25,32
F4:B8:5E:C4:5F:BE,-94,2016,1,15,16,25,32
F4:B8:5E:C4:63:25,-92,2016,1,15,16,25,32
68:9E:19:11:A6:DB,-91,2016,1,15,16,25,32
F4:B8:5E:DC:A9:F8,-78,2016,1,15,16,25,32
F4:B8:5E:C4:63:25,-82,2016,1,15,16,26,3
74:DA:EA:A8:9D:0F,-82,2016,1,15,16,26,3
F4:B8:5E:C4:8F:EE,-91,2016,1,15,16,26,3
F4:B8:5E:DC:A9:F8,-90,2016,1,15,16,26,3
68:9E:19:11:A6:DB,-81,2016,1,15,16,26,3
F4:B8:5E:C4:63:25,-79,2016,1,15,16,26,33
74:DA:EA:A8:9D:0F,-90,2016,1,15,16,26,33
F4:B8:5E:C4:8F:EE,-90,2016,1,15,16,26,33
68:9E:19:11:A6:DB,-94,2016,1,15,16,26,33
F4:B8:5E:DC:A9:F8,-78,2016,1,15,16,26,33
74:DA:EA:A8:9D:0F,-80,2016,1,15,16,27,4
F4:B8:5E:C4:8F:EE,-95,2016,1,15,16,27,4
F4:B8:5E:C4:5F:BE,-92,2016,1,15,16,27,4
F4:B8:5E:C4:63:25,-87,2016,1,15,16,27,4
68:9E:19:11:A6:DB,-96,2016,1,15,16,27,4
F4:B8:5E:DC:A9:F8,-78,2016,1,15,16,27,4
74:DA:EA:A8:9D:0F,-82,2016,1,26,8,19,18
F4:B8:5E:C4:8F:EE,-79,2016,1,26,8,19,18
F4:B8:5E:C4:5F:BE,-88,2016,1,26,8,19,18
F4:B8:5E:C4:63:25,-79,2016,1,26,8,19,18
68:9E:19:11:A6:DB,-92,2016,1,26,8,19,18
F4:B8:5E:DC:A9:F8,-89,2016,1,26,8,19,18
74:DA:EA:A8:9D:0F,-95,2016,1,26,8,19,49
F4:B8:5E:C4:8F:EE,-87,2016,1,26,8,19,49
F4:B8:5E:C4:5F:BE,-93,2016,1,26,8,19,49
F4:B8:5E:C4:63:25,-95,2016,1,26,8,19,49
68:9E:19:11:A6:DB,-96,2016,1,26,8,19,49
F4:B8:5E:DC:A9:F8,-96,2016,1,26,8,19,49
74:DA:EA:A8:9D:0F,-96,2016,1,26,8,20,20
F4:B8:5E:C4:8F:EE,-93,2016,1,26,8,20,20
F4:B8:5E:C4:5F:BE,-97,2016,1,26,8,20,20
F4:B8:5E:C4:63:25,-89,2016,1,26,8,20,20
68:9E:19:11:A6:DB,-92,2016,1,26,8,20,20
F4:B8:5E:DC:A9:F8,-94,2016,1,26,8,20,20
74:DA:EA:A8:9D:0F,-74,2016,1,26,8,20,50
F4:B8:5E:C4:8F:EE,-81,2016,1,26,8,20,50
F4:B8:5E:C4:5F:BE,-87,2016,1,26,8,20,50
F4:B8:5E:C4:63:25,-76,2016,1,26,8,20,50
68:9E:19:11:A6:DB,-83,2016,1,26,8,20,50
F4:B8:5E:DC:A9:F8,-78,2016,1,26,8,20,50
74:DA:EA:A8:9D:0F,-69,2016,1,26,8,21,20
F4:B8:5E:C4:8F:EE,-85,2016,1,26,8,21,20
F4:B8:5E:C4:5F:BE,-85,2016,1,26,8,21,20
F4:B8:5E:C4:63:25,-74,2016,1,26,8,21,20
68:9E:19:11:A6:DB,-74,2016,1,26,8,21,20
F4:B8:5E:DC:A9:F8,-75,2016,1,26,8,21,20
74:DA:EA:A8:9D:0F,-88,2016,1,26,8,21,51
F4:B8:5E:C4:8F:EE,-86,2016,1,26,8,21,51
F4:B8:5E:C4:5F:BE,-86,2016,1,26,8,21,51
F4:B8:5E:C4:63:25,-85,2016,1,26,8,21,51
68:9E:19:11:A6:DB,-89,2016,1,26,8,21,51
F4:B8:5E:DC:A9:F8,-90,2016,1,26,8,21,51
74:DA:EA:A8:9D:0F,-86,2016,1,26,8,22,21
F4:B8:5E:C4:8F:EE,-84,2016,1,26,8,22,21
F4:B8:5E:C4:5F:BE,-93,2016,1,26,8,22,21
F4:B8:5E:C4:63:25,-85,2016,1,26,8,22,21
68:9E:19:11:A6:DB,-96,2016,1,26,8,22,21
F4:B8:5E:DC:A9:F8,-86,2016,1,26,8,22,21
74:DA:EA:A8:9D:0F,-87,2016,1,26,8,22,52
F4:B8:5E:C4:8F:EE,-83,2016,1,26,8,22,52
F4:B8:5E:C4:5F:BE,-98,2016,1,26,8,22,52
F4:B8:5E:C4:63:25,-82,2016,1,26,8,22,52
68:9E:19:11:A6:DB,-92,2016,1,26,8,22,52
F4:B8:5E:DC:A9:F8,-83,2016,1,26,8,22,52
74:DA:EA:A8:9D:0F,-83,2016,1,26,8,23,23
F4:B8:5E:C4:8F:EE,-78,2016,1,26,8,23,23
F4:B8:5E:C4:5F:BE,-88,2016,1,26,8,23,23
F4:B8:5E:C4:63:25,-81,2016,1,26,8,23,23
68:9E:19:11:A6:DB,-84,2016,1,26,8,23,23
F4:B8:5E:DC:A9:F8,-82,2016,1,26,8,23,23
74:DA:EA:A8:9D:0F,-90,2016,1,26,8,23,54
F4:B8:5E:C4:8F:EE,-81,2016,1,26,8,23,54
F4:B8:5E:C4:5F:BE,-92,2016,1,26,8,23,54
F4:B8:5E:C4:63:25,-84,2016,1,26,8,23,54
68:9E:19:11:A6:DB,-89,2016,1,26,8,23,54
F4:B8:5E:DC:A9:F8,-83,2016,1,26,8,23,54
74:DA:EA:A8:9D:0F,-85,2016,1,26,8,24,24
F4:B8:5E:C4:8F:EE,-90,2016,1,26,8,24,24
F4:B8:5E:C4:5F:BE,-94,2016,1,26,8,24,24
F4:B8:5E:C4:63:25,-82,2016,1,26,8,24,24
68:9E:19:11:A6:DB,-95,2016,1,26,8,24,24
F4:B8:5E:DC:A9:F8,-80,2016,1,26,8,24,24
F4:B8:5E:C4:8F:EE,-81,2016,1,26,8,24,54
74:DA:EA:A8:9D:0F,-85,2016,1,26,8,24,54
F4:B8:5E:C4:5F:BE,-90,2016,1,26,8,24,54
F4:B8:5E:DC:A9:F8,-83,2016,1,26,8,24,54
F4:B8:5E:C4:63:25,-82,2016,1,26,8,24,54
74:DA:EA:A8:9D:0F,-86,2016,1,26,8,25,24
F4:B8:5E:C4:8F:EE,-86,2016,1,26,8,25,24
F4:B8:5E:C4:5F:BE,-94,2016,1,26,8,25,24
F4:B8:5E:C4:63:25,-84,2016,1,26,8,25,24
68:9E:19:11:A6:DB,-98,2016,1,26,8,25,24
F4:B8:5E:DC:A9:F8,-83,2016,1,26,8,25,24
74:DA:EA:A8:9D:0F,-86,2016,1,26,8,25,54
F4:B8:5E:C4:8F:EE,-87,2016,1,26,8,25,54
F4:B8:5E:C4:5F:BE,-95,2016,1,26,8,25,54
F4:B8:5E:C4:63:25,-84,2016,1,26,8,25,54
68:9E:19:11:A6:DB,-92,2016,1,26,8,25,54
F4:B8:5E:DC:A9:F8,-86,2016,1,26,8,25,54
F4:B8:5E:C4:63:25,-91,2016,1,26,8,35,26
F4:B8:5E:C4:5F:BE,-95,2016,1,26,8,35,26
F4:B8:5E:DC:A9:F8,-92,2016,1,26,8,35,26
68:9E:19:11:A6:DB,-88,2016,1,26,8,35,26
F4:B8:5E:C4:8F:EE,-93,2016,1,26,8,35,56
F4:B8:5E:C4:63:25,-96,2016,1,26,8,35,56
F4:B8:5E:C4:5F:BE,-90,2016,1,26,8,35,56
F4:B8:5E:DC:A9:F8,-87,2016,1,26,8,35,56
68:9E:19:11:A6:DB,-92,2016,1,26,8,35,56
F4:B8:5E:C4:8F:EE,-95,2016,1,26,8,36,26
F4:B8:5E:C4:5F:BE,-78,2016,1,26,8,36,26
F4:B8:5E:C4:63:25,-92,2016,1,26,8,36,26
68:9E:19:11:A6:DB,-94,2016,1,26,8,36,26
F4:B8:5E:DC:A9:F8,-87,2016,1,26,8,36,26
F4:B8:5E:C4:8F:EE,-92,2016,1,26,8,36,56
F4:B8:5E:C4:63:25,-96,2016,1,26,8,36,56
F4:B8:5E:C4:5F:BE,-79,2016,1,26,8,36,56
68:9E:19:11:A6:DB,-92,2016,1,26,8,36,56
F4:B8:5E:DC:A9:F8,-89,2016,1,26,8,36,56
74:DA:EA:A8:9D:0F,-98,2016,1,26,8,37,26
F4:B8:5E:C4:8F:EE,-93,2016,1,26,8,37,26
F4:B8:5E:C4:5F:BE,-88,2016,1,26,8,37,26
F4:B8:5E:C4:63:25,-93,2016,1,26,8,37,26
68:9E:19:11:A6:DB,-92,2016,1,26,8,37,26
F4:B8:5E:DC:A9:F8,-88,2016,1,26,8,37,26
74:DA:EA:A8:9D:0F,-97,2016,1,26,8,37,57
F4:B8:5E:C4:8F:EE,-99,2016,1,26,8,37,57
F4:B8:5E:C4:5F:BE,-90,2016,1,26,8,37,57
F4:B8:5E:C4:63:25,-93,2016,1,26,8,37,57
68:9E:19:11:A6:DB,-93,2016,1,26,8,37,57
F4:B8:5E:DC:A9:F8,-91,2016,1,26,8,37,57
74:DA:EA:A8:9D:0F,-96,2016,1,26,8,38,27
F4:B8:5E:C4:8F:EE,-93,2016,1,26,8,38,27
F4:B8:5E:C4:5F:BE,-85,2016,1,26,8,38,27
F4:B8:5E:C4:63:25,-94,2016,1,26,8,38,27
68:9E:19:11:A6:DB,-87,2016,1,26,8,38,27
F4:B8:5E:DC:A9:F8,-92,2016,1,26,8,38,27
74:DA:EA:A8:9D:0F,-94,2016,1,26,8,38,57
F4:B8:5E:C4:8F:EE,-90,2016,1,26,8,38,57
F4:B8:5E:C4:5F:BE,-91,2016,1,26,8,38,57
F4:B8:5E:C4:63:25,-95,2016,1,26,8,38,57
68:9E:19:11:A6:DB,-96,2016,1,26,8,38,57
F4:B8:5E:DC:A9:F8,-92,2016,1,26,8,38,57
74:DA:EA:A8:9D:0F,-94,2016,1,26,8,39,27
F4:B8:5E:C4:8F:EE,-91,2016,1,26,8,39,27
F4:B8:5E:C4:5F:BE,-86,2016,1,26,8,39,27
F4:B8:5E:C4:63:25,-93,2016,1,26,8,39,27
68:9E:19:11:A6:DB,-92,2016,1,26,8,39,27
F4:B8:5E:DC:A9:F8,-90,2016,1,26,8,39,27
74:DA:EA:A8:9D:0F,-91,2016,1,26,8,39,58
F4:B8:5E:C4:8F:EE,-88,2016,1,26,8,39,58
F4:B8:5E:C4:5F:BE,-84,2016,1,26,8,39,58
F4:B8:5E:C4:63:25,-96,2016,1,26,8,39,58
68:9E:19:11:A6:DB,-86,2016,1,26,8,39,58
F4:B8:5E:DC:A9:F8,-90,2016,1,26,8,39,58
74:DA:EA:A8:9D:0F,-97,2016,1,26,8,40,28
F4:B8:5E:C4:8F:EE,-90,2016,1,26,8,40,28
F4:B8:5E:C4:5F:BE,-83,2016,1,26,8,40,28
F4:B8:5E:C4:63:25,-83,2016,1,26,8,40,28
68:9E:19:11:A6:DB,-91,2016,1,26,8,40,28
F4:B8:5E:DC:A9:F8,-94,2016,1,26,8,40,28
74:DA:EA:A8:9D:0F,-85,2016,1,26,8,40,59
F4:B8:5E:C4:8F:EE,-84,2016,1,26,8,40,59
F4:B8:5E:C4:5F:BE,-89,2016,1,26,8,40,59
F4:B8:5E:C4:63:25,-91,2016,1,26,8,40,59
68:9E:19:11:A6:DB,-90,2016,1,26,8,40,59
F4:B8:5E:DC:A9:F8,-92,2016,1,26,8,40,59
F4:B8:5E:C4:8F:EE,-94,2016,1,26,8,41,30
F4:B8:5E:C4:63:25,-89,2016,1,26,8,41,30
F4:B8:5E:C4:5F:BE,-87,2016,1,26,8,41,30
68:9E:19:11:A6:DB,-96,2016,1,26,8,41,30
F4:B8:5E:DC:A9:F8,-86,2016,1,26,8,41,30
F4:B8:5E:C4:8F:EE,-94,2016,1,26,8,42,0
74:DA:EA:A8:9D:0F,-93,2016,1,26,8,42,0
F4:B8:5E:C4:5F:BE,-86,2016,1,26,8,42,0
F4:B8:5E:DC:A9:F8,-95,2016,1,26,8,42,0
68:9E:19:11:A6:DB,-95,2016,1,26,8,42,0
F4:B8:5E:C4:8F:EE,-96,2016,1,26,8,42,30
74:DA:EA:A8:9D:0F,-95,2016,1,26,8,42,30
F4:B8:5E:C4:5F:BE,-87,2016,1,26,8,42,30
68:9E:19:11:A6:DB,-91,2016,1,26,8,42,30
F4:B8:5E:DC:A9:F8,-95,2016,1,26,8,42,30
F4:B8:5E:C4:63:25,-93,2016,1,26,8,43,1
74:DA:EA:A8:9D:0F,-94,2016,1,26,8,43,1
F4:B8:5E:C4:5F:BE,-87,2016,1,26,8,43,1
68:9E:19:11:A6:DB,-93,2016,1,26,8,43,1
F4:B8:5E:DC:A9:F8,-93,2016,1,26,8,43,1
74:DA:EA:A8:9D:0F,-96,2016,1,26,8,43,31
F4:B8:5E:C4:8F:EE,-95,2016,1,26,8,43,31
F4:B8:5E:C4:5F:BE,-86,2016,1,26,8,43,31
F4:B8:5E:C4:63:25,-100,2016,1,26,8,43,31
68:9E:19:11:A6:DB,-92,2016,1,26,8,43,31
F4:B8:5E:DC:A9:F8,-96,2016,1,26,8,43,31
74:DA:EA:A8:9D:0F,-75,2016,1,26,8,44,2
F4:B8:5E:C4:8F:EE,-94,2016,1,26,8,44,2
F4:B8:5E:C4:5F:BE,-87,2016,1,26,8,44,2
F4:B8:5E:C4:63:25,-81,2016,1,26,8,44,2
68:9E:19:11:A6:DB,-69,2016,1,26,8,44,2
F4:B8:5E:DC:A9:F8,-92,2016,1,26,8,44,2
74:DA:EA:A8:9D:0F,-79,2016,1,26,8,44,33
F4:B8:5E:C4:8F:EE,-82,2016,1,26,8,44,33
F4:B8:5E:C4:5F:BE,-90,2016,1,26,8,44,33
F4:B8:5E:C4:63:25,-68,2016,1,26,8,44,33
68:9E:19:11:A6:DB,-72,2016,1,26,8,44,33
F4:B8:5E:DC:A9:F8,-75,2016,1,26,8,44,33
74:DA:EA:A8:9D:0F,-92,2016,1,26,8,45,3
F4:B8:5E:C4:8F:EE,-93,2016,1,26,8,45,3
F4:B8:5E:C4:5F:BE,-84,2016,1,26,8,45,3
F4:B8:5E:C4:63:25,-91,2016,1,26,8,45,3
68:9E:19:11:A6:DB,-96,2016,1,26,8,45,3
F4:B8:5E:DC:A9:F8,-94,2016,1,26,8,45,3
74:DA:EA:A8:9D:0F,-96,2016,1,26,8,45,34
F4:B8:5E:C4:8F:EE,-88,2016,1,26,8,45,34
F4:B8:5E:C4:5F:BE,-92,2016,1,26,8,45,34
F4:B8:5E:C4:63:25,-92,2016,1,26,8,45,34
68:9E:19:11:A6:DB,-68,2016,1,26,8,45,34
F4:B8:5E:DC:A9:F8,-95,2016,1,26,8,45,34
74:DA:EA:A8:9D:0F,-74,2016,1,26,8,46,5
F4:B8:5E:C4:8F:EE,-74,2016,1,26,8,46,5
F4:B8:5E:C4:5F:BE,-94,2016,1,26,8,46,5
F4:B8:5E:C4:63:25,-73,2016,1,26,8,46,5
68:9E:19:11:A6:DB,-72,2016,1,26,8,46,5
F4:B8:5E:DC:A9:F8,-73,2016,1,26,8,46,5
74:DA:EA:A8:9D:0F,-71,2016,1,26,8,46,36
F4:B8:5E:C4:8F:EE,-68,2016,1,26,8,46,36
F4:B8:5E:C4:5F:BE,-97,2016,1,26,8,46,36
F4:B8:5E:C4:63:25,-68,2016,1,26,8,46,36
68:9E:19:11:A6:DB,-80,2016,1,26,8,46,36
F4:B8:5E:DC:A9:F8,-68,2016,1,26,8,46,36
74:DA:EA:A8:9D:0F,-68,2016,1,26,8,47,7
F4:B8:5E:C4:8F:EE,-72,2016,1,26,8,47,7
F4:B8:5E:C4:5F:BE,-92,2016,1,26,8,47,7
F4:B8:5E:C4:63:25,-68,2016,1,26,8,47,7
68:9E:19:11:A6:DB,-70,2016,1,26,8,47,7
F4:B8:5E:DC:A9:F8,-68,2016,1,26,8,47,7
74:DA:EA:A8:9D:0F,-68,2016,1,26,8,47,38
F4:B8:5E:C4:8F:EE,-71,2016,1,26,8,47,38
F4:B8:5E:C4:5F:BE,-86,2016,1,26,8,47,38
F4:B8:5E:C4:63:25,-68,2016,1,26,8,47,38
68:9E:19:11:A6:DB,-72,2016,1,26,8,47,38
F4:B8:5E:DC:A9:F8,-68,2016,1,26,8,47,38
74:DA:EA:A8:9D:0F,-68,2016,1,26,8,48,9
F4:B8:5E:C4:8F:EE,-68,2016,1,26,8,48,9
F4:B8:5E:C4:5F:BE,-90,2016,1,26,8,48,9
F4:B8:5E:C4:63:25,-69,2016,1,26,8,48,9
68:9E:19:11:A6:DB,-82,2016,1,26,8,48,9
F4:B8:5E:DC:A9:F8,-72,2016,1,26,8,48,9
F4:B8:5E:C4:63:25,-68,2016,1,26,8,48,40
74:DA:EA:A8:9D:0F,-78,2016,1,26,8,48,40
F4:B8:5E:C4:8F:EE,-76,2016,1,26,8,48,40
68:9E:19:11:A6:DB,-93,2016,1,26,8,48,40
F4:B8:5E:DC:A9:F8,-72,2016,1,26,8,48,40
F4:B8:5E:C4:8F:EE,-68,2016,1,26,8,49,10
74:DA:EA:A8:9D:0F,-72,2016,1,26,8,49,10
F4:B8:5E:C4:63:25,-76,2016,1,26,8,49,10
68:9E:19:11:A6:DB,-79,2016,1,26,8,49,10
F4:B8:5E:DC:A9:F8,-68,2016,1,26,8,49,10
F4:B8:5E:C4:8F:EE,-68,2016,1,26,8,49,40
74:DA:EA:A8:9D:0F,-68,2016,1,26,8,49,40
F4:B8:5E:C4:63:25,-72,2016,1,26,8,49,40
68:9E:19:11:A6:DB,-79,2016,1,26,8,49,40
F4:B8:5E:DC:A9:F8,-68,2016,1,26,8,49,40
F4:B8:5E:C4:8F:EE,-77,2016,1,26,8,50,10
74:DA:EA:A8:9D:0F,-73,2016,1,26,8,50,10
F4:B8:5E:C4:63:25,-71,2016,1,26,8,50,10
F4:B8:5E:DC:A9:F8,-72,2016,1,26,8,50,10
68:9E:19:11:A6:DB,-74,2016,1,26,8,50,10
F4:B8:5E:C4:63:25,-81,2016,1,26,8,50,40
74:DA:EA:A8:9D:0F,-74,2016,1,26,8,50,40
F4:B8:5E:C4:8F:EE,-68,2016,1,26,8,50,40
68:9E:19:11:A6:DB,-71,2016,1,26,8,50,40
F4:B8:5E:DC:A9:F8,-68,2016,1,26,8,50,40
F4:B8:5E:C4:8F:EE,-75,2016,1,26,8,51,11
74:DA:EA:A8:9D:0F,-68,2016,1,26,8,51,11
F4:B8:5E:C4:63:25,-68,2016,1,26,8,51,11
68:9E:19:11:A6:DB,-85,2016,1,26,8,51,11
F4:B8:5E:DC:A9:F8,-68,2016,1,26,8,51,11
F4:B8:5E:C4:63:25,-68,2016,1,26,8,51,42
74:DA:EA:A8:9D:0F,-78,2016,1,26,8,51,42
F4:B8:5E:C4:8F:EE,-75,2016,1,26,8,51,42
F4:B8:5E:DC:A9:F8,-71,2016,1,26,8,51,42
68:9E:19:11:A6:DB,-83,2016,1,26,8,51,42
F4:B8:5E:C4:63:25,-68,2016,1,26,8,52,13
74:DA:EA:A8:9D:0F,-69,2016,1,26,8,52,13
F4:B8:5E:C4:8F:EE,-80,2016,1,26,8,52,13
68:9E:19:11:A6:DB,-80,2016,1,26,8,52,13
F4:B8:5E:DC:A9:F8,-76,2016,1,26,8,52,13
F4:B8:5E:C4:63:25,-68,2016,1,26,8,52,43
74:DA:EA:A8:9D:0F,-68,2016,1,26,8,52,43
F4:B8:5E:C4:8F:EE,-81,2016,1,26,8,52,43
68:9E:19:11:A6:DB,-73,2016,1,26,8,52,43
F4:B8:5E:DC:A9:F8,-68,2016,1,26,8,52,43
F4:B8:5E:C4:8F:EE,-82,2016,1,26,8,53,14
74:DA:EA:A8:9D:0F,-78,2016,1,26,8,53,14
F4:B8:5E:C4:63:25,-71,2016,1,26,8,53,14
68:9E:19:11:A6:DB,-68,2016,1,26,8,53,14
F4:B8:5E:DC:A9:F8,-68,2016,1,26,8,53,14
F4:B8:5E:C4:8F:EE,-79,2016,1,26,8,53,45
74:DA:EA:A8:9D:0F,-78,2016,1,26,8,53,45
F4:B8:5E:C4:63:25,-72,2016,1,26,8,53,45
F4:B8:5E:DC:A9:F8,-73,2016,1,26,8,53,45
68:9E:19:11:A6:DB,-68,2016,1,26,8,53,45
F4:B8:5E:C4:63:25,-70,2016,1,26,8,54,16
74:DA:EA:A8:9D:0F,-76,2016,1,26,8,54,16
F4:B8:5E:C4:8F:EE,-79,2016,1,26,8,54,16
68:9E:19:11:A6:DB,-68,2016,1,26,8,54,16
F4:B8:5E:DC:A9:F8,-68,2016,1,26,8,54,16
F4:B8:5E:C4:63:25,-71,2016,1,26,8,54,46
74:DA:EA:A8:9D:0F,-74,2016,1,26,8,54,46
F4:B8:5E:C4:8F:EE,-74,2016,1,26,8,54,46
F4:B8:5E:DC:A9:F8,-71,2016,1,26,8,54,46
68:9E:19:11:A6:DB,-68,2016,1,26,8,54,46
F4:B8:5E:C4:63:25,-68,2016,1,26,8,55,16
74:DA:EA:A8:9D:0F,-80,2016,1,26,8,55,16
F4:B8:5E:C4:8F:EE,-78,2016,1,26,8,55,16
68:9E:19:11:A6:DB,-68,2016,1,26,8,55,16
F4:B8:5E:DC:A9:F8,-68,2016,1,26,8,55,16
F4:B8:5E:C4:8F:EE,-71,2016,1,26,8,55,46
74:DA:EA:A8:9D:0F,-72,2016,1,26,8,55,46
F4:B8:5E:C4:63:25,-74,2016,1,26,8,55,46
68:9E:19:11:A6:DB,-72,2016,1,26,8,55,46
F4:B8:5E:DC:A9:F8,-74,2016,1,26,8,55,46
F4:B8:5E:C4:63:25,-96,2016,1,26,8,56,17
74:DA:EA:A8:9D:0F,-87,2016,1,26,8,56,17
F4:B8:5E:C4:8F:EE,-79,2016,1,26,8,56,17
F4:B8:5E:DC:A9:F8,-77,2016,1,26,8,56,17
68:9E:19:11:A6:DB,-86,2016,1,26,8,56,17
F4:B8:5E:C4:63:25,-68,2016,1,26,8,56,48
74:DA:EA:A8:9D:0F,-73,2016,1,26,8,56,48
F4:B8:5E:C4:8F:EE,-70,2016,1,26,8,56,48
68:9E:19:11:A6:DB,-70,2016,1,26,8,56,48
F4:B8:5E:DC:A9:F8,-68,2016,1,26,8,56,48
F4:B8:5E:C4:63:25,-92,2016,1,26,8,57,19
74:DA:EA:A8:9D:0F,-78,2016,1,26,8,57,19
F4:B8:5E:C4:8F:EE,-77,2016,1,26,8,57,19
68:9E:19:11:A6:DB,-84,2016,1,26,8,57,19
F4:B8:5E:DC:A9:F8,-79,2016,1,26,8,57,19
F4:B8:5E:C4:8F:EE,-89,2016,1,26,8,57,50
74:DA:EA:A8:9D:0F,-85,2016,1,26,8,57,50
F4:B8:5E:C4:63:25,-79,2016,1,26,8,57,50
68:9E:19:11:A6:DB,-84,2016,1,26,8,57,50
F4:B8:5E:DC:A9:F8,-83,2016,1,26,8,57,50
F4:B8:5E:C4:8F:EE,-72,2016,1,26,8,58,21
74:DA:EA:A8:9D:0F,-86,2016,1,26,8,58,21
F4:B8:5E:C4:63:25,-82,2016,1,26,8,58,21
F4:B8:5E:DC:A9:F8,-79,2016,1,26,8,58,21
68:9E:19:11:A6:DB,-82,2016,1,26,8,58,21
F4:B8:5E:C4:63:25,-87,2016,1,26,8,58,52
74:DA:EA:A8:9D:0F,-91,2016,1,26,8,58,52
F4:B8:5E:C4:8F:EE,-90,2016,1,26,8,58,52
F4:B8:5E:DC:A9:F8,-92,2016,1,26,8,58,52
68:9E:19:11:A6:DB,-88,2016,1,26,8,58,52
F4:B8:5E:C4:63:25,-93,2016,1,26,8,59,22
74:DA:EA:A8:9D:0F,-93,2016,1,26,8,59,22
F4:B8:5E:C4:8F:EE,-93,2016,1,26,8,59,22
F4:B8:5E:DC:A9:F8,-95,2016,1,26,8,59,22
68:9E:19:11:A6:DB,-90,2016,1,26,8,59,22
F4:B8:5E:C4:63:25,-84,2016,1,26,8,59,52
74:DA:EA:A8:9D:0F,-92,2016,1,26,8,59,52
F4:B8:5E:C4:8F:EE,-96,2016,1,26,8,59,52
F4:B8:5E:DC:A9:F8,-90,2016,1,26,8,59,52
68:9E:19:11:A6:DB,-72,2016,1,26,8,59,52
F4:B8:5E:C4:63:25,-95,2016,1,26,9,7,25
F4:B8:5E:C4:8F:EE,-90,2016,1,26,9,7,25
68:9E:19:11:A6:DB,-83,2016,1,26,9,7,25
F4:B8:5E:DC:A9:F8,-93,2016,1,26,9,7,25
F4:B8:5E:C4:8F:EE,-94,2016,1,26,9,7,55
74:DA:EA:A8:9D:0F,-97,2016,1,26,9,7,55
F4:B8:5E:C4:63:25,-82,2016,1,26,9,7,55
68:9E:19:11:A6:DB,-84,2016,1,26,9,7,55
F4:B8:5E:DC:A9:F8,-94,2016,1,26,9,7,55
F4:B8:5E:C4:63:25,-94,2016,1,26,9,8,26
74:DA:EA:A8:9D:0F,-89,2016,1,26,9,8,26
F4:B8:5E:C4:8F:EE,-90,2016,1,26,9,8,26
68:9E:19:11:A6:DB,-93,2016,1,26,9,8,26
F4:B8:5E:DC:A9:F8,-91,2016,1,26,9,8,26
68:9E:19:11:A6:DB,-85,2016,1,26,9,8,56
68:9E:19:11:A6:DB,-92,2016,1,26,9,9,27
68:9E:19:11:A6:DB,-94,2016,1,26,9,9,57
68:9E:19:11:A6:DB,-97,2016,1,26,9,10,27
68:9E:19:11:A6:DB,-93,2016,1,26,9,10,57
68:9E:19:11:A6:DB,-96,2016,1,26,9,11,27
68:9E:19:11:A6:DB,-95,2016,1,26,9,11,58
68:9E:19:11:A6:DB,-97,2016,1,26,9,12,29
68:9E:19:11:A6:DB,-96,2016,1,26,9,24,2
68:9E:19:11:A6:DB,-91,2016,1,26,9,26,2
68:9E:19:11:A6:DB,-97,2016,1,26,9,26,33
68:9E:19:11:A6:DB,-96,2016,1,26,9,27,34
68:9E:19:11:A6:DB,-95,2016,1,26,9,28,4
68:9E:19:11:A6:DB,-94,2016,1,26,9,28,34
68:9E:19:11:A6:DB,-85,2016,1,26,9,29,4
F4:B8:5E:C4:63:25,-90,2016,1,26,9,37,37
F4:B8:5E:DC:A9:F8,-92,2016,1,26,9,37,37
F4:B8:5E:DC:A9:F8,-96,2016,1,26,9,38,8
74:DA:EA:A8:9D:0F,-93,2016,1,26,9,38,38
F4:B8:5E:DC:A9:F8,-92,2016,1,26,9,38,38
F4:B8:5E:DC:A9:F8,-95,2016,1,26,9,39,8
F4:B8:5E:DC:A9:F8,-95,2016,1,26,9,39,38
F4:B8:5E:C4:63:25,-94,2016,1,26,9,40,8
74:DA:EA:A8:9D:0F,-94,2016,1,26,9,40,8
F4:B8:5E:C4:8F:EE,-89,2016,1,26,9,40,8
F4:B8:5E:DC:A9:F8,-94,2016,1,26,9,40,8
F4:B8:5E:C4:8F:EE,-92,2016,1,26,9,40,38
F4:B8:5E:C4:63:25,-95,2016,1,26,9,40,38
F4:B8:5E:C4:63:25,-90,2016,1,26,9,41,8
F4:B8:5E:DC:A9:F8,-95,2016,1,26,9,41,8
F4:B8:5E:C4:63:25,-97,2016,1,26,9,41,39
F4:B8:5E:DC:A9:F8,-92,2016,1,26,9,41,39
F4:B8:5E:DC:A9:F8,-91,2016,1,26,9,42,9
F4:B8:5E:DC:A9:F8,-98,2016,1,26,9,42,40
F4:B8:5E:C4:63:25,-93,2016,1,26,9,43,11
F4:B8:5E:DC:A9:F8,-98,2016,1,26,9,43,11
F4:B8:5E:C4:63:25,-100,2016,1,26,9,43,42
F4:B8:5E:DC:A9:F8,-96,2016,1,26,9,43,42
F4:B8:5E:C4:8F:EE,-97,2016,1,26,9,45,12
F4:B8:5E:C4:8F:EE,-97,2016,1,26,9,45,42
F4:B8:5E:C4:8F:EE,-96,2016,1,26,9,46,13
F4:B8:5E:C4:8F:EE,-97,2016,1,26,9,46,43
F4:B8:5E:C4:8F:EE,-90,2016,1,26,9,47,13
F4:B8:5E:C4:8F:EE,-93,2016,1,26,9,47,44
F4:B8:5E:C4:8F:EE,-91,2016,1,26,9,48,15
F4:B8:5E:C4:8F:EE,-92,2016,1,26,9,51,16
F4:B8:5E:C4:8F:EE,-94,2016,1,26,9,52,46
F4:B8:5E:C4:8F:EE,-91,2016,1,26,9,53,17
F4:B8:5E:C4:8F:EE,-94,2016,1,26,9,53,48
F4:B8:5E:C4:8F:EE,-95,2016,1,26,9,54,19
F4:B8:5E:C4:8F:EE,-97,2016,1,26,9,55,20
F4:B8:5E:C4:8F:EE,-92,2016,1,26,9,55,51
F4:B8:5E:C4:8F:EE,-91,2016,1,26,9,56,22
F4:B8:5E:C4:8F:EE,-96,2016,1,26,9,58,22
F4:B8:5E:C4:8F:EE,-97,2016,1,26,9,58,53
F4:B8:5E:C4:8F:EE,-94,2016,1,26,9,59,24
F4:B8:5E:C4:8F:EE,-96,2016,1,26,9,59,54
F4:B8:5E:C4:8F:EE,-97,2016,1,26,10,0,24
F4:B8:5E:C4:8F:EE,-95,2016,1,26,10,0,55
F4:B8:5E:C4:8F:EE,-96,2016,1,26,10,1,26
F4:B8:5E:C4:8F:EE,-91,2016,1,26,10,1,56
F4:B8:5E:C4:8F:EE,-97,2016,1,26,10,2,26
74:DA:EA:A8:9D:0F,-87,2016,1,26,10,2,56
F4:B8:5E:C4:63:25,-88,2016,1,26,10,2,56
F4:B8:5E:DC:A9:F8,-91,2016,1,26,10,2,56
74:DA:EA:A8:9D:0F,-100,2016,1,26,10,3,26
F4:B8:5E:C4:63:25,-94,2016,1,26,10,3,26
F4:B8:5E:DC:A9:F8,-95,2016,1,26,10,3,26
74:DA:EA:A8:9D:0F,-91,2016,1,26,10,3,57
F4:B8:5E:C4:63:25,-90,2016,1,26,10,3,57
F4:B8:5E:DC:A9:F8,-93,2016,1,26,10,3,57
74:DA:EA:A8:9D:0F,-91,2016,1,26,10,4,28
F4:B8:5E:C4:63:25,-95,2016,1,26,10,4,28
F4:B8:5E:DC:A9:F8,-99,2016,1,26,10,4,28
74:DA:EA:A8:9D:0F,-91,2016,1,26,10,4,59
F4:B8:5E:C4:63:25,-97,2016,1,26,10,4,59
F4:B8:5E:DC:A9:F8,-93,2016,1,26,10,4,59
F4:B8:5E:DC:A9:F8,-98,2016,1,26,10,5,30
F4:B8:5E:DC:A9:F8,-95,2016,1,26,10,6,1
F4:B8:5E:DC:A9:F8,-99,2016,1,26,10,6,32
F4:B8:5E:C4:63:25,-88,2016,1,26,10,7,2
F4:B8:5E:DC:A9:F8,-95,2016,1,26,10,7,2
F4:B8:5E:DC:A9:F8,-88,2016,1,26,10,7,32
F4:B8:5E:DC:A9:F8,-94,2016,1,26,10,8,2
F4:B8:5E:DC:A9:F8,-98,2016,1,26,10,8,32
F4:B8:5E:DC:A9:F8,-95,2016,1,26,10,9,2
F4:B8:5E:DC:A9:F8,-91,2016,1,26,10,9,32
F4:B8:5E:DC:A9:F8,-98,2016,1,26,10,10,4
F4:B8:5E:DC:A9:F8,-98,2016,1,26,10,15,5
F4:B8:5E:DC:A9:F8,-94,2016,1,26,10,21,7
74:DA:EA:A8:9D:0F,-93,2016,1,26,10,30,40
F4:B8:5E:C4:63:25,-95,2016,1,26,10,30,40
74:DA:EA:A8:9D:0F,-88,2016,1,26,10,31,11
F4:B8:5E:C4:63:25,-94,2016,1,26,10,31,11
74:DA:EA:A8:9D:0F,-87,2016,1,26,10,31,41
F4:B8:5E:C4:63:25,-94,2016,1,26,10,31,41
74:DA:EA:A8:9D:0F,-97,2016,1,26,10,32,12
F4:B8:5E:C4:63:25,-94,2016,1,26,10,32,12
74:DA:EA:A8:9D:0F,-95,2016,1,26,10,32,43
74:DA:EA:A8:9D:0F,-93,2016,1,26,10,33,13
F4:B8:5E:C4:63:25,-95,2016,1,26,10,33,13
74:DA:EA:A8:9D:0F,-95,2016,1,26,10,33,43
F4:B8:5E:C4:63:25,-88,2016,1,26,10,33,43
74:DA:EA:A8:9D:0F,-91,2016,1,26,10,34,14
F4:B8:5E:C4:63:25,-91,2016,1,26,10,34,14
74:DA:EA:A8:9D:0F,-94,2016,1,26,10,34,44
F4:B8:5E:C4:63:25,-92,2016,1,26,10,34,44
74:DA:EA:A8:9D:0F,-87,2016,1,26,10,35,14
F4:B8:5E:C4:63:25,-96,2016,1,26,10,35,14
74:DA:EA:A8:9D:0F,-91,2016,1,26,10,36,46
F4:B8:5E:C4:63:25,-87,2016,1,26,10,36,46
74:DA:EA:A8:9D:0F,-87,2016,1,26,10,37,17
F4:B8:5E:C4:63:25,-98,2016,1,26,10,37,17
74:DA:EA:A8:9D:0F,-97,2016,1,26,10,37,48
F4:B8:5E:C4:63:25,-92,2016,1,26,10,37,48
74:DA:EA:A8:9D:0F,-98,2016,1,26,10,38,18
F4:B8:5E:C4:63:25,-93,2016,1,26,10,38,18
74:DA:EA:A8:9D:0F,-92,2016,1,26,10,38,49
F4:B8:5E:C4:63:25,-94,2016,1,26,10,38,49
74:DA:EA:A8:9D:0F,-94,2016,1,26,10,39,19
F4:B8:5E:C4:63:25,-94,2016,1,26,10,39,19
F4:B8:5E:C4:63:25,-90,2016,1,26,10,39,49
74:DA:EA:A8:9D:0F,-98,2016,1,26,10,40,19
F4:B8:5E:C4:63:25,-88,2016,1,26,10,40,19
74:DA:EA:A8:9D:0F,-93,2016,1,26,10,40,49
F4:B8:5E:C4:63:25,-92,2016,1,26,10,40,49
74:DA:EA:A8:9D:0F,-93,2016,1,26,10,41,19
F4:B8:5E:C4:63:25,-89,2016,1,26,10,41,19
74:DA:EA:A8:9D:0F,-94,2016,1,26,10,41,50
F4:B8:5E:C4:63:25,-92,2016,1,26,10,41,50
74:DA:EA:A8:9D:0F,-87,2016,1,26,10,42,20
F4:B8:5E:C4:63:25,-89,2016,1,26,10,42,20
F4:B8:5E:C4:63:25,-90,2016,1,26,10,42,50
F4:B8:5E:C4:63:25,-93,2016,1,26,10,43,21
F4:B8:5E:C4:63:25,-93,2016,1,26,10,43,52
F4:B8:5E:C4:63:25,-95,2016,1,26,10,44,23
74:DA:EA:A8:9D:0F,-89,2016,1,26,10,44,54
F4:B8:5E:C4:63:25,-94,2016,1,26,10,44,54
74:DA:EA:A8:9D:0F,-97,2016,1,26,10,45,25
F4:B8:5E:C4:63:25,-91,2016,1,26,10,45,25
74:DA:EA:A8:9D:0F,-90,2016,1,26,10,45,55
F4:B8:5E:C4:63:25,-84,2016,1,26,10,45,55
F4:B8:5E:C4:63:25,-86,2016,1,26,10,46,26
F4:B8:5E:C4:63:25,-96,2016,1,26,10,46,57
F4:B8:5E:C4:63:25,-86,2016,1,26,10,47,27
F4:B8:5E:C4:63:25,-90,2016,1,26,10,47,57
F4:B8:5E:C4:63:25,-92,2016,1,26,10,48,27
F4:B8:5E:C4:63:25,-87,2016,1,26,10,48,58
F4:B8:5E:C4:63:25,-97,2016,1,26,10,49,29
F4:B8:5E:C4:63:25,-93,2016,1,26,10,50,0
F4:B8:5E:C4:63:25,-96,2016,1,26,10,50,31
F4:B8:5E:C4:63:25,-92,2016,1,26,10,51,1
F4:B8:5E:C4:63:25,-96,2016,1,26,10,51,31
F4:B8:5E:C4:63:25,-84,2016,1,26,10,52,1
F4:B8:5E:C4:63:25,-92,2016,1,26,10,52,31
F4:B8:5E:C4:63:25,-94,2016,1,26,10,53,1
F4:B8:5E:C4:63:25,-92,2016,1,26,10,53,31
F4:B8:5E:C4:63:25,-90,2016,1,26,10,54,2
F4:B8:5E:C4:63:25,-97,2016,1,26,10,54,33
F4:B8:5E:C4:63:25,-90,2016,1,26,10,55,4
F4:B8:5E:C4:63:25,-92,2016,1,26,10,55,34
F4:B8:5E:C4:63:25,-99,2016,1,26,10,56,5
F4:B8:5E:C4:63:25,-95,2016,1,26,10,56,36
F4:B8:5E:C4:63:25,-91,2016,1,26,10,57,7
F4:B8:5E:C4:63:25,-91,2016,1,26,10,57,38
74:DA:EA:A8:9D:0F,-92,2016,1,26,10,58,8
F4:B8:5E:C4:63:25,-90,2016,1,26,10,58,8
F4:B8:5E:C4:63:25,-99,2016,1,26,10,58,39
F4:B8:5E:C4:63:25,-99,2016,1,26,10,59,9
F4:B8:5E:C4:63:25,-93,2016,1,26,10,59,40
F4:B8:5E:C4:63:25,-98,2016,1,26,11,0,41
F4:B8:5E:C4:63:25,-88,2016,1,26,11,1,12
F4:B8:5E:C4:63:25,-85,2016,1,26,11,1,43
F4:B8:5E:C4:63:25,-94,2016,1,26,11,3,43
F4:B8:5E:C4:5F:BE,-91,2016,1,27,8,31,42
F4:B8:5E:C4:5F:BE,-91,2016,1,27,8,32,12
F4:B8:5E:C4:5F:BE,-93,2016,1,27,8,42,44
F4:B8:5E:C4:5F:BE,-93,2016,1,27,8,45,46
F4:B8:5E:C4:5F:BE,-97,2016,1,27,9,2,49
F4:B8:5E:C4:5F:BE,-100,2016,1,27,9,6,21
F4:B8:5E:C4:5F:BE,-91,2016,1,27,9,12,53
F4:B8:5E:C4:5F:BE,-94,2016,1,27,9,13,24
F4:B8:5E:C4:5F:BE,-97,2016,1,27,9,13,55
F4:B8:5E:C4:5F:BE,-98,2016,1,27,9,14,25
F4:B8:5E:C4:5F:BE,-98,2016,1,27,9,14,56
F4:B8:5E:C4:5F:BE,-93,2016,1,27,17,4,59
F4:B8:5E:C4:5F:BE,-94,2016,1,27,17,5,30
F4:B8:5E:C4:5F:BE,-97,2016,1,27,17,7,1
F4:B8:5E:C4:5F:BE,-97,2016,1,27,17,14,2
F4:B8:5E:C4:5F:BE,-97,2016,1,27,17,14,33
F4:B8:5E:C4:5F:BE,-98,2016,1,27,17,15,4
F4:B8:5E:C4:5F:BE,-96,2016,1,27,17,15,34
F4:B8:5E:C4:5F:BE,-97,2016,1,27,17,16,5
F4:B8:5E:C4:5F:BE,-97,2016,1,27,17,16,35
F4:B8:5E:C4:5F:BE,-98,2016,1,27,17,17,5
F4:B8:5E:C4:5F:BE,-98,2016,1,27,17,18,6
F4:B8:5E:C4:5F:BE,-96,2016,1,27,17,18,37
F4:B8:5E:C4:5F:BE,-98,2016,1,27,17,19,7
F4:B8:5E:C4:5F:BE,-96,2016,1,27,17,19,37
F4:B8:5E:C4:5F:BE,-98,2016,1,27,17,20,38
F4:B8:5E:C4:5F:BE,-97,2016,1,27,17,21,8
F4:B8:5E:C4:5F:BE,-97,2016,1,27,17,21,38
F4:B8:5E:C4:5F:BE,-97,2016,1,27,17,22,8
F4:B8:5E:C4:5F:BE,-97,2016,1,27,17,22,38
F4:B8:5E:C4:5F:BE,-96,2016,1,27,17,23,9
F4:B8:5E:C4:5F:BE,-96,2016,1,27,17,23,40
F4:B8:5E:C4:5F:BE,-98,2016,1,27,17,25,10
F4:B8:5E:C4:5F:BE,-98,2016,1,27,17,25,41
F4:B8:5E:C4:5F:BE,-97,2016,1,27,17,27,12
F4:B8:5E:C4:5F:BE,-97,2016,1,27,17,27,42
F4:B8:5E:C4:5F:BE,-97,2016,1,27,17,28,12
F4:B8:5E:C4:5F:BE,-97,2016,1,27,17,28,43
F4:B8:5E:C4:5F:BE,-97,2016,1,27,17,29,14
F4:B8:5E:C4:5F:BE,-99,2016,1,27,17,30,15
F4:B8:5E:C4:5F:BE,-96,2016,1,27,17,30,46
F4:B8:5E:C4:5F:BE,-97,2016,1,27,17,31,17
F4:B8:5E:C4:5F:BE,-99,2016,1,27,17,31,48
F4:B8:5E:C4:5F:BE,-98,2016,1,27,17,32,18
F4:B8:5E:C4:5F:BE,-97,2016,1,27,17,32,48
F4:B8:5E:C4:5F:BE,-92,2016,1,27,17,33,18
F4:B8:5E:C4:5F:BE,-94,2016,1,27,17,33,49
F4:B8:5E:C4:5F:BE,-100,2016,1,27,17,35,50
F4:B8:5E:C4:5F:BE,-98,2016,1,27,17,36,51
F4:B8:5E:C4:5F:BE,-97,2016,1,27,17,44,52
F4:B8:5E:C4:5F:BE,-98,2016,1,27,17,47,54
F4:B8:5E:C4:5F:BE,-88,2016,1,27,17,48,55
F4:B8:5E:C4:5F:BE,-87,2016,1,27,17,49,25
F4:B8:5E:C4:5F:BE,-88,2016,1,27,17,49,55
F4:B8:5E:C4:5F:BE,-89,2016,1,27,17,50,25
F4:B8:5E:C4:5F:BE,-97,2016,1,27,17,50,55
F4:B8:5E:C4:5F:BE,-88,2016,1,27,17,51,26
F4:B8:5E:C4:5F:BE,-87,2016,1,27,17,51,57
F4:B8:5E:C4:5F:BE,-88,2016,1,27,17,52,28
F4:B8:5E:C4:5F:BE,-89,2016,1,27,17,52,59
F4:B8:5E:C4:5F:BE,-86,2016,1,27,17,53,30
F4:B8:5E:C4:5F:BE,-85,2016,1,27,17,54,1
F4:B8:5E:C4:5F:BE,-88,2016,1,27,17,54,32
F4:B8:5E:C4:5F:BE,-88,2016,1,27,17,55,3
F4:B8:5E:C4:5F:BE,-87,2016,1,27,17,55,33
F4:B8:5E:C4:5F:BE,-86,2016,1,27,17,56,3
F4:B8:5E:C4:5F:BE,-88,2016,1,27,17,56,34
F4:B8:5E:C4:5F:BE,-85,2016,1,27,17,57,5
F4:B8:5E:C4:5F:BE,-88,2016,1,27,17,57,36
F4:B8:5E:C4:5F:BE,-88,2016,1,27,17,58,7
F4:B8:5E:C4:5F:BE,-88,2016,1,27,17,58,37
F4:B8:5E:C4:5F:BE,-85,2016,1,27,17,59,8
F4:B8:5E:C4:5F:BE,-87,2016,1,27,17,59,39
F4:B8:5E:C4:5F:BE,-87,2016,1,27,18,0,9
F4:B8:5E:C4:5F:BE,-96,2016,1,27,18,0,39
F4:B8:5E:C4:5F:BE,-88,2016,1,27,18,1,9
F4:B8:5E:C4:5F:BE,-89,2016,1,27,18,1,40
F4:B8:5E:C4:5F:BE,-89,2016,1,27,18,2,10
F4:B8:5E:C4:5F:BE,-88,2016,1,27,18,2,41
F4:B8:5E:C4:5F:BE,-85,2016,1,27,18,3,12
