74:DA:EA:A8:9D:0F,-86,2016,1,26,8,3,19
F4:B8:5E:C4:8F:EE,-86,2016,1,26,8,3,19
F4:B8:5E:C4:5F:BE,-94,2016,1,26,8,3,19
F4:B8:5E:C4:63:25,-79,2016,1,26,8,3,19
68:9E:19:11:A6:DB,-82,2016,1,26,8,3,19
F4:B8:5E:DC:A9:F8,-88,2016,1,26,8,3,19
74:DA:EA:A8:9D:0F,-89,2016,1,26,8,3,49
F4:B8:5E:C4:8F:EE,-87,2016,1,26,8,3,49
F4:B8:5E:C4:5F:BE,-88,2016,1,26,8,3,49
F4:B8:5E:C4:63:25,-95,2016,1,26,8,3,49
68:9E:19:11:A6:DB,-83,2016,1,26,8,3,49
F4:B8:5E:DC:A9:F8,-92,2016,1,26,8,3,49
74:DA:EA:A8:9D:0F,-95,2016,1,26,8,4,19
F4:B8:5E:C4:8F:EE,-89,2016,1,26,8,4,19
F4:B8:5E:C4:5F:BE,-85,2016,1,26,8,4,19
F4:B8:5E:C4:63:25,-90,2016,1,26,8,4,19
68:9E:19:11:A6:DB,-87,2016,1,26,8,4,19
F4:B8:5E:DC:A9:F8,-93,2016,1,26,8,4,19
74:DA:EA:A8:9D:0F,-88,2016,1,26,8,4,50
F4:B8:5E:C4:8F:EE,-95,2016,1,26,8,4,50
F4:B8:5E:C4:5F:BE,-84,2016,1,26,8,4,50
F4:B8:5E:C4:63:25,-90,2016,1,26,8,4,50
68:9E:19:11:A6:DB,-86,2016,1,26,8,4,50
F4:B8:5E:DC:A9:F8,-93,2016,1,26,8,4,50
74:DA:EA:A8:9D:0F,-88,2016,1,26,8,5,20
F4:B8:5E:C4:8F:EE,-91,2016,1,26,8,5,20
F4:B8:5E:C4:5F:BE,-89,2016,1,26,8,5,20
F4:B8:5E:C4:63:25,-93,2016,1,26,8,5,20
68:9E:19:11:A6:DB,-84,2016,1,26,8,5,20
F4:B8:5E:DC:A9:F8,-91,2016,1,26,8,5,20
74:DA:EA:A8:9D:0F,-87,2016,1,26,8,5,51
F4:B8:5E:C4:8F:EE,-90,2016,1,26,8,5,51
F4:B8:5E:C4:5F:BE,-93,2016,1,26,8,5,51
F4:B8:5E:C4:63:25,-83,2016,1,26,8,5,51
68:9E:19:11:A6:DB,-94,2016,1,26,8,5,51
F4:B8:5E:DC:A9:F8,-95,2016,1,26,8,5,51
74:DA:EA:A8:9D:0F,-89,2016,1,26,8,6,21
F4:B8:5E:C4:8F:EE,-85,2016,1,26,8,6,21
F4:B8:5E:C4:5F:BE,-93,2016,1,26,8,6,21
F4:B8:5E:C4:63:25,-88,2016,1,26,8,6,21
68:9E:19:11:A6:DB,-85,2016,1,26,8,6,21
F4:B8:5E:DC:A9:F8,-91,2016,1,26,8,6,21
74:DA:EA:A8:9D:0F,-90,2016,1,26,8,6,51
F4:B8:5E:C4:8F:EE,-87,2016,1,26,8,6,51
F4:B8:5E:C4:5F:BE,-84,2016,1,26,8,6,51
F4:B8:5E:C4:63:25,-90,2016,1,26,8,6,51
68:9E:19:11:A6:DB,-95,2016,1,26,8,6,51
F4:B8:5E:DC:A9:F8,-92,2016,1,26,8,6,51
74:DA:EA:A8:9D:0F,-88,2016,1,26,8,7,22
F4:B8:5E:C4:8F:EE,-88,2016,1,26,8,7,22
F4:B8:5E:C4:5F:BE,-94,2016,1,26,8,7,22
F4:B8:5E:C4:63:25,-86,2016,1,26,8,7,22
68:9E:19:11:A6:DB,-80,2016,1,26,8,7,22
F4:B8:5E:DC:A9:F8,-87,2016,1,26,8,7,22
74:DA:EA:A8:9D:0F,-85,2016,1,26,8,7,53
F4:B8:5E:C4:8F:EE,-93,2016,1,26,8,7,53
F4:B8:5E:C4:5F:BE,-91,2016,1,26,8,7,53
F4:B8:5E:C4:63:25,-93,2016,1,26,8,7,53
68:9E:19:11:A6:DB,-85,2016,1,26,8,7,53
F4:B8:5E:DC:A9:F8,-92,2016,1,26,8,7,53
74:DA:EA:A8:9D:0F,-95,2016,1,26,8,8,24
F4:B8:5E:C4:8F:EE,-91,2016,1,26,8,8,24
F4:B8:5E:C4:5F:BE,-85,2016,1,26,8,8,24
F4:B8:5E:C4:63:25,-91,2016,1,26,8,8,24
68:9E:19:11:A6:DB,-89,2016,1,26,8,8,24
F4:B8:5E:DC:A9:F8,-94,2016,1,26,8,8,24
74:DA:EA:A8:9D:0F,-91,2016,1,26,8,8,54
F4:B8:5E:C4:8F:EE,-88,2016,1,26,8,8,54
F4:B8:5E:C4:5F:BE,-88,2016,1,26,8,8,54
F4:B8:5E:C4:63:25,-92,2016,1,26,8,8,54
68:9E:19:11:A6:DB,-93,2016,1,26,8,8,54
F4:B8:5E:DC:A9:F8,-89,2016,1,26,8,8,54
74:DA:EA:A8:9D:0F,-91,2016,1,26,8,9,24
F4:B8:5E:C4:8F:EE,-91,2016,1,26,8,9,24
F4:B8:5E:C4:5F:BE,-88,2016,1,26,8,9,24
F4:B8:5E:C4:63:25,-94,2016,1,26,8,9,24
68:9E:19:11:A6:DB,-84,2016,1,26,8,9,24
F4:B8:5E:DC:A9:F8,-81,2016,1,26,8,9,24
F4:B8:5E:C4:8F:EE,-89,2016,1,26,8,9,55
F4:B8:5E:C4:63:25,-80,2016,1,26,8,9,55
F4:B8:5E:C4:5F:BE,-89,2016,1,26,8,9,55
68:9E:19:11:A6:DB,-95,2016,1,26,8,9,55
F4:B8:5E:DC:A9:F8,-92,2016,1,26,8,9,55
74:DA:EA:A8:9D:0F,-98,2016,1,26,8,10,26
F4:B8:5E:C4:8F:EE,-93,2016,1,26,8,10,26
F4:B8:5E:C4:5F:BE,-84,2016,1,26,8,10,26
F4:B8:5E:C4:63:25,-86,2016,1,26,8,10,26
68:9E:19:11:A6:DB,-83,2016,1,26,8,10,26
F4:B8:5E:DC:A9:F8,-91,2016,1,26,8,10,26
74:DA:EA:A8:9D:0F,-87,2016,1,26,8,10,56
F4:B8:5E:C4:8F:EE,-84,2016,1,26,8,10,56
F4:B8:5E:C4:5F:BE,-90,2016,1,26,8,10,56
F4:B8:5E:C4:63:25,-88,2016,1,26,8,10,56
68:9E:19:11:A6:DB,-92,2016,1,26,8,10,56
F4:B8:5E:DC:A9:F8,-87,2016,1,26,8,10,56
74:DA:EA:A8:9D:0F,-98,2016,1,26,8,11,26
F4:B8:5E:C4:8F:EE,-89,2016,1,26,8,11,26
F4:B8:5E:C4:5F:BE,-84,2016,1,26,8,11,26
F4:B8:5E:C4:63:25,-76,2016,1,26,8,11,26
68:9E:19:11:A6:DB,-92,2016,1,26,8,11,26
F4:B8:5E:DC:A9:F8,-89,2016,1,26,8,11,26
74:DA:EA:A8:9D:0F,-94,2016,1,26,8,11,56
F4:B8:5E:C4:8F:EE,-84,2016,1,26,8,11,56
F4:B8:5E:C4:5F:BE,-94,2016,1,26,8,11,56
F4:B8:5E:C4:63:25,-91,2016,1,26,8,11,56
68:9E:19:11:A6:DB,-91,2016,1,26,8,11,56
F4:B8:5E:DC:A9:F8,-90,2016,1,26,8,11,56
74:DA:EA:A8:9D:0F,-86,2016,1,26,8,12,27
F4:B8:5E:C4:8F:EE,-86,2016,1,26,8,12,27
F4:B8:5E:C4:5F:BE,-86,2016,1,26,8,12,27
F4:B8:5E:C4:63:25,-94,2016,1,26,8,12,27
68:9E:19:11:A6:DB,-88,2016,1,26,8,12,27
F4:B8:5E:DC:A9:F8,-90,2016,1,26,8,12,27
74:DA:EA:A8:9D:0F,-93,2016,1,26,8,12,58
F4:B8:5E:C4:8F:EE,-85,2016,1,26,8,12,58
F4:B8:5E:C4:5F:BE,-86,2016,1,26,8,12,58
F4:B8:5E:C4:63:25,-80,2016,1,26,8,12,58
68:9E:19:11:A6:DB,-83,2016,1,26,8,12,58
F4:B8:5E:DC:A9:F8,-92,2016,1,26,8,12,58
74:DA:EA:A8:9D:0F,-95,2016,1,26,8,13,29
F4:B8:5E:C4:8F:EE,-87,2016,1,26,8,13,29
F4:B8:5E:C4:5F:BE,-89,2016,1,26,8,13,29
F4:B8:5E:C4:63:25,-89,2016,1,26,8,13,29
68:9E:19:11:A6:DB,-81,2016,1,26,8,13,29
F4:B8:5E:DC:A9:F8,-90,2016,1,26,8,13,29
74:DA:EA:A8:9D:0F,-90,2016,1,26,8,14,0
F4:B8:5E:C4:8F:EE,-86,2016,1,26,8,14,0
F4:B8:5E:C4:5F:BE,-92,2016,1,26,8,14,0
F4:B8:5E:C4:63:25,-93,2016,1,26,8,14,0
68:9E:19:11:A6:DB,-97,2016,1,26,8,14,0
F4:B8:5E:DC:A9:F8,-90,2016,1,26,8,14,0
74:DA:EA:A8:9D:0F,-87,2016,1,26,8,14,31
F4:B8:5E:C4:8F:EE,-83,2016,1,26,8,14,31
F4:B8:5E:C4:5F:BE,-91,2016,1,26,8,14,31
F4:B8:5E:C4:63:25,-82,2016,1,26,8,14,31
68:9E:19:11:A6:DB,-91,2016,1,26,8,14,31
F4:B8:5E:DC:A9:F8,-94,2016,1,26,8,14,31
74:DA:EA:A8:9D:0F,-97,2016,1,26,8,15,1
F4:B8:5E:C4:8F:EE,-84,2016,1,26,8,15,1
F4:B8:5E:C4:5F:BE,-91,2016,1,26,8,15,1
F4:B8:5E:C4:63:25,-78,2016,1,26,8,15,1
68:9E:19:11:A6:DB,-92,2016,1,26,8,15,1
F4:B8:5E:DC:A9:F8,-93,2016,1,26,8,15,1
74:DA:EA:A8:9D:0F,-98,2016,1,26,8,15,32
F4:B8:5E:C4:8F:EE,-84,2016,1,26,8,15,32
F4:B8:5E:C4:5F:BE,-88,2016,1,26,8,15,32
F4:B8:5E:C4:63:25,-100,2016,1,26,8,15,32
68:9E:19:11:A6:DB,-90,2016,1,26,8,15,32
F4:B8:5E:DC:A9:F8,-91,2016,1,26,8,15,32
74:DA:EA:A8:9D:0F,-89,2016,1,26,8,16,3
F4:B8:5E:C4:8F:EE,-86,2016,1,26,8,16,3
F4:B8:5E:C4:5F:BE,-91,2016,1,26,8,16,3
F4:B8:5E:C4:63:25,-80,2016,1,26,8,16,3
68:9E:19:11:A6:DB,-79,2016,1,26,8,16,3
F4:B8:5E:DC:A9:F8,-93,2016,1,26,8,16,3
74:DA:EA:A8:9D:0F,-94,2016,1,26,8,16,34
F4:B8:5E:C4:8F:EE,-89,2016,1,26,8,16,34
F4:B8:5E:C4:5F:BE,-88,2016,1,26,8,16,34
F4:B8:5E:C4:63:25,-93,2016,1,26,8,16,34
68:9E:19:11:A6:DB,-92,2016,1,26,8,16,34
F4:B8:5E:DC:A9:F8,-98,2016,1,26,8,16,34
74:DA:EA:A8:9D:0F,-87,2016,1,26,8,17,4
F4:B8:5E:C4:8F:EE,-89,2016,1,26,8,17,4
F4:B8:5E:C4:5F:BE,-90,2016,1,26,8,17,4
F4:B8:5E:C4:63:25,-80,2016,1,26,8,17,4
68:9E:19:11:A6:DB,-91,2016,1,26,8,17,4
F4:B8:5E:DC:A9:F8,-94,2016,1,26,8,17,4
F4:B8:5E:C4:63:25,-77,2016,1,26,8,17,34
74:DA:EA:A8:9D:0F,-92,2016,1,26,8,17,34
F4:B8:5E:C4:8F:EE,-83,2016,1,26,8,17,34
F4:B8:5E:DC:A9:F8,-93,2016,1,26,8,17,34
68:9E:19:11:A6:DB,-85,2016,1,26,8,17,34
74:DA:EA:A8:9D:0F,-88,2016,1,26,8,21,35
F4:B8:5E:C4:8F:EE,-82,2016,1,26,8,21,35
F4:B8:5E:C4:5F:BE,-90,2016,1,26,8,21,35
F4:B8:5E:C4:63:25,-87,2016,1,26,8,21,35
68:9E:19:11:A6:DB,-87,2016,1,26,8,21,35
F4:B8:5E:DC:A9:F8,-89,2016,1,26,8,21,35
74:DA:EA:A8:9D:0F,-92,2016,1,26,8,22,5
F4:B8:5E:C4:8F:EE,-87,2016,1,26,8,22,5
F4:B8:5E:C4:5F:BE,-91,2016,1,26,8,22,5
F4:B8:5E:C4:63:25,-84,2016,1,26,8,22,5
68:9E:19:11:A6:DB,-87,2016,1,26,8,22,5
F4:B8:5E:DC:A9:F8,-87,2016,1,26,8,22,5
74:DA:EA:A8:9D:0F,-90,2016,1,26,8,22,35
F4:B8:5E:C4:8F:EE,-86,2016,1,26,8,22,35
F4:B8:5E:C4:5F:BE,-90,2016,1,26,8,22,35
F4:B8:5E:C4:63:25,-81,2016,1,26,8,22,35
68:9E:19:11:A6:DB,-93,2016,1,26,8,22,35
F4:B8:5E:DC:A9:F8,-96,2016,1,26,8,22,35
74:DA:EA:A8:9D:0F,-88,2016,1,26,8,23,5
F4:B8:5E:C4:8F:EE,-84,2016,1,26,8,23,5
F4:B8:5E:C4:5F:BE,-82,2016,1,26,8,23,5
F4:B8:5E:C4:63:25,-86,2016,1,26,8,23,5
68:9E:19:11:A6:DB,-94,2016,1,26,8,23,5
F4:B8:5E:DC:A9:F8,-88,2016,1,26,8,23,5
74:DA:EA:A8:9D:0F,-82,2016,1,26,8,23,36
F4:B8:5E:C4:8F:EE,-88,2016,1,26,8,23,36
F4:B8:5E:C4:5F:BE,-75,2016,1,26,8,23,36
F4:B8:5E:C4:63:25,-79,2016,1,26,8,23,36
68:9E:19:11:A6:DB,-84,2016,1,26,8,23,36
F4:B8:5E:DC:A9:F8,-80,2016,1,26,8,23,36
74:DA:EA:A8:9D:0F,-82,2016,1,26,8,24,7
F4:B8:5E:C4:8F:EE,-78,2016,1,26,8,24,7
F4:B8:5E:C4:5F:BE,-78,2016,1,26,8,24,7
F4:B8:5E:C4:63:25,-78,2016,1,26,8,24,7
68:9E:19:11:A6:DB,-87,2016,1,26,8,24,7
F4:B8:5E:DC:A9:F8,-89,2016,1,26,8,24,7
74:DA:EA:A8:9D:0F,-91,2016,1,26,8,24,38
F4:B8:5E:C4:8F:EE,-96,2016,1,26,8,24,38
F4:B8:5E:C4:5F:BE,-76,2016,1,26,8,24,38
F4:B8:5E:C4:63:25,-93,2016,1,26,8,24,38
68:9E:19:11:A6:DB,-92,2016,1,26,8,24,38
F4:B8:5E:DC:A9:F8,-96,2016,1,26,8,24,38
74:DA:EA:A8:9D:0F,-90,2016,1,26,8,25,9
F4:B8:5E:C4:8F:EE,-93,2016,1,26,8,25,9
F4:B8:5E:C4:5F:BE,-84,2016,1,26,8,25,9
F4:B8:5E:C4:63:25,-85,2016,1,26,8,25,9
68:9E:19:11:A6:DB,-92,2016,1,26,8,25,9
F4:B8:5E:DC:A9:F8,-92,2016,1,26,8,25,9
74:DA:EA:A8:9D:0F,-90,2016,1,26,8,25,40
F4:B8:5E:C4:8F:EE,-92,2016,1,26,8,25,40
F4:B8:5E:C4:5F:BE,-90,2016,1,26,8,25,40
F4:B8:5E:C4:63:25,-81,2016,1,26,8,25,40
68:9E:19:11:A6:DB,-93,2016,1,26,8,25,40
F4:B8:5E:DC:A9:F8,-84,2016,1,26,8,25,40
74:DA:EA:A8:9D:0F,-89,2016,1,26,8,26,10
F4:B8:5E:C4:8F:EE,-93,2016,1,26,8,26,10
F4:B8:5E:C4:5F:BE,-85,2016,1,26,8,26,10
F4:B8:5E:C4:63:25,-94,2016,1,26,8,26,10
68:9E:19:11:A6:DB,-92,2016,1,26,8,26,10
F4:B8:5E:DC:A9:F8,-96,2016,1,26,8,26,10
74:DA:EA:A8:9D:0F,-93,2016,1,26,8,26,40
F4:B8:5E:C4:8F:EE,-96,2016,1,26,8,26,40
F4:B8:5E:C4:5F:BE,-81,2016,1,26,8,26,40
F4:B8:5E:C4:63:25,-84,2016,1,26,8,26,40
68:9E:19:11:A6:DB,-93,2016,1,26,8,26,40
F4:B8:5E:DC:A9:F8,-86,2016,1,26,8,26,40
74:DA:EA:A8:9D:0F,-93,2016,1,26,8,27,10
F4:B8:5E:C4:8F:EE,-83,2016,1,26,8,27,10
F4:B8:5E:C4:5F:BE,-86,2016,1,26,8,27,10
F4:B8:5E:C4:63:25,-85,2016,1,26,8,27,10
68:9E:19:11:A6:DB,-95,2016,1,26,8,27,10
F4:B8:5E:DC:A9:F8,-84,2016,1,26,8,27,10
74:DA:EA:A8:9D:0F,-92,2016,1,26,8,27,40
F4:B8:5E:C4:8F:EE,-85,2016,1,26,8,27,40
F4:B8:5E:C4:5F:BE,-81,2016,1,26,8,27,40
F4:B8:5E:C4:63:25,-85,2016,1,26,8,27,40
68:9E:19:11:A6:DB,-97,2016,1,26,8,27,40
F4:B8:5E:DC:A9:F8,-89,2016,1,26,8,27,40
74:DA:EA:A8:9D:0F,-92,2016,1,26,8,28,10
F4:B8:5E:C4:8F:EE,-86,2016,1,26,8,28,10
F4:B8:5E:C4:5F:BE,-82,2016,1,26,8,28,10
F4:B8:5E:C4:63:25,-85,2016,1,26,8,28,10
68:9E:19:11:A6:DB,-94,2016,1,26,8,28,10
F4:B8:5E:DC:A9:F8,-86,2016,1,26,8,28,10
74:DA:EA:A8:9D:0F,-94,2016,1,26,8,28,40
F4:B8:5E:C4:8F:EE,-92,2016,1,26,8,28,40
F4:B8:5E:C4:5F:BE,-83,2016,1,26,8,28,40
F4:B8:5E:C4:63:25,-89,2016,1,26,8,28,40
68:9E:19:11:A6:DB,-95,2016,1,26,8,28,40
F4:B8:5E:DC:A9:F8,-89,2016,1,26,8,28,40
74:DA:EA:A8:9D:0F,-91,2016,1,26,8,29,11
F4:B8:5E:C4:8F:EE,-89,2016,1,26,8,29,11
F4:B8:5E:C4:5F:BE,-86,2016,1,26,8,29,11
F4:B8:5E:C4:63:25,-98,2016,1,26,8,29,11
68:9E:19:11:A6:DB,-98,2016,1,26,8,29,11
F4:B8:5E:DC:A9:F8,-79,2016,1,26,8,29,11
74:DA:EA:A8:9D:0F,-92,2016,1,26,8,29,42
F4:B8:5E:C4:8F:EE,-87,2016,1,26,8,29,42
F4:B8:5E:C4:5F:BE,-92,2016,1,26,8,29,42
F4:B8:5E:C4:63:25,-93,2016,1,26,8,29,42
68:9E:19:11:A6:DB,-93,2016,1,26,8,29,42
F4:B8:5E:DC:A9:F8,-81,2016,1,26,8,29,42
74:DA:EA:A8:9D:0F,-84,2016,1,26,8,30,13
F4:B8:5E:C4:8F:EE,-80,2016,1,26,8,30,13
F4:B8:5E:C4:5F:BE,-84,2016,1,26,8,30,13
F4:B8:5E:C4:63:25,-89,2016,1,26,8,30,13
68:9E:19:11:A6:DB,-86,2016,1,26,8,30,13
F4:B8:5E:DC:A9:F8,-81,2016,1,26,8,30,13
74:DA:EA:A8:9D:0F,-81,2016,1,26,8,30,43
F4:B8:5E:C4:8F:EE,-84,2016,1,26,8,30,43
F4:B8:5E:C4:5F:BE,-79,2016,1,26,8,30,43
F4:B8:5E:C4:63:25,-76,2016,1,26,8,30,43
68:9E:19:11:A6:DB,-87,2016,1,26,8,30,43
F4:B8:5E:DC:A9:F8,-86,2016,1,26,8,30,43
74:DA:EA:A8:9D:0F,-96,2016,1,26,8,31,13
F4:B8:5E:C4:8F:EE,-94,2016,1,26,8,31,13
F4:B8:5E:C4:5F:BE,-74,2016,1,26,8,31,13
F4:B8:5E:C4:63:25,-79,2016,1,26,8,31,13
68:9E:19:11:A6:DB,-78,2016,1,26,8,31,13
F4:B8:5E:DC:A9:F8,-84,2016,1,26,8,31,13
74:DA:EA:A8:9D:0F,-93,2016,1,26,8,31,43
F4:B8:5E:C4:8F:EE,-97,2016,1,26,8,31,43
F4:B8:5E:C4:5F:BE,-81,2016,1,26,8,31,43
F4:B8:5E:C4:63:25,-95,2016,1,26,8,31,43
68:9E:19:11:A6:DB,-83,2016,1,26,8,31,43
F4:B8:5E:DC:A9:F8,-81,2016,1,26,8,31,43
74:DA:EA:A8:9D:0F,-97,2016,1,26,8,32,14
F4:B8:5E:C4:8F:EE,-83,2016,1,26,8,32,14
F4:B8:5E:C4:5F:BE,-80,2016,1,26,8,32,14
F4:B8:5E:C4:63:25,-77,2016,1,26,8,32,14
68:9E:19:11:A6:DB,-86,2016,1,26,8,32,14
F4:B8:5E:DC:A9:F8,-83,2016,1,26,8,32,14
74:DA:EA:A8:9D:0F,-95,2016,1,26,8,32,45
F4:B8:5E:C4:8F:EE,-90,2016,1,26,8,32,45
F4:B8:5E:C4:5F:BE,-85,2016,1,26,8,32,45
F4:B8:5E:C4:63:25,-78,2016,1,26,8,32,45
68:9E:19:11:A6:DB,-84,2016,1,26,8,32,45
F4:B8:5E:DC:A9:F8,-93,2016,1,26,8,32,45
74:DA:EA:A8:9D:0F,-90,2016,1,26,8,33,15
F4:B8:5E:C4:8F:EE,-81,2016,1,26,8,33,15
F4:B8:5E:C4:5F:BE,-81,2016,1,26,8,33,15
F4:B8:5E:C4:63:25,-88,2016,1,26,8,33,15
68:9E:19:11:A6:DB,-92,2016,1,26,8,33,15
F4:B8:5E:DC:A9:F8,-77,2016,1,26,8,33,15
74:DA:EA:A8:9D:0F,-98,2016,1,26,8,33,45
F4:B8:5E:C4:8F:EE,-89,2016,1,26,8,33,45
F4:B8:5E:C4:5F:BE,-83,2016,1,26,8,33,45
F4:B8:5E:C4:63:25,-81,2016,1,26,8,33,45
68:9E:19:11:A6:DB,-92,2016,1,26,8,33,45
F4:B8:5E:DC:A9:F8,-75,2016,1,26,8,33,45
74:DA:EA:A8:9D:0F,-83,2016,1,26,8,34,15
F4:B8:5E:C4:8F:EE,-89,2016,1,26,8,34,15
F4:B8:5E:C4:5F:BE,-78,2016,1,26,8,34,15
F4:B8:5E:C4:63:25,-91,2016,1,26,8,34,15
68:9E:19:11:A6:DB,-81,2016,1,26,8,34,15
F4:B8:5E:DC:A9:F8,-80,2016,1,26,8,34,15
74:DA:EA:A8:9D:0F,-94,2016,1,26,8,34,46
F4:B8:5E:C4:8F:EE,-93,2016,1,26,8,34,46
F4:B8:5E:C4:5F:BE,-75,2016,1,26,8,34,46
F4:B8:5E:C4:63:25,-78,2016,1,26,8,34,46
68:9E:19:11:A6:DB,-79,2016,1,26,8,34,46
F4:B8:5E:DC:A9:F8,-91,2016,1,26,8,34,46
74:DA:EA:A8:9D:0F,-78,2016,1,26,8,35,17
F4:B8:5E:C4:8F:EE,-76,2016,1,26,8,35,17
F4:B8:5E:C4:5F:BE,-82,2016,1,26,8,35,17
F4:B8:5E:C4:63:25,-70,2016,1,26,8,35,17
68:9E:19:11:A6:DB,-68,2016,1,26,8,35,17
F4:B8:5E:DC:A9:F8,-68,2016,1,26,8,35,17
74:DA:EA:A8:9D:0F,-95,2016,1,26,8,35,48
F4:B8:5E:C4:8F:EE,-93,2016,1,26,8,35,48
F4:B8:5E:C4:5F:BE,-84,2016,1,26,8,35,48
F4:B8:5E:C4:63:25,-93,2016,1,26,8,35,48
68:9E:19:11:A6:DB,-97,2016,1,26,8,35,48
F4:B8:5E:DC:A9:F8,-96,2016,1,26,8,35,48
74:DA:EA:A8:9D:0F,-97,2016,1,26,8,36,18
F4:B8:5E:C4:8F:EE,-94,2016,1,26,8,36,18
F4:B8:5E:C4:5F:BE,-84,2016,1,26,8,36,18
F4:B8:5E:C4:63:25,-94,2016,1,26,8,36,18
68:9E:19:11:A6:DB,-89,2016,1,26,8,36,18
F4:B8:5E:DC:A9:F8,-89,2016,1,26,8,36,18
74:DA:EA:A8:9D:0F,-85,2016,1,26,8,36,48
F4:B8:5E:C4:8F:EE,-96,2016,1,26,8,36,48
F4:B8:5E:C4:5F:BE,-81,2016,1,26,8,36,48
F4:B8:5E:C4:63:25,-93,2016,1,26,8,36,48
68:9E:19:11:A6:DB,-90,2016,1,26,8,36,48
F4:B8:5E:DC:A9:F8,-92,2016,1,26,8,36,48
74:DA:EA:A8:9D:0F,-95,2016,1,26,8,37,19
F4:B8:5E:C4:8F:EE,-91,2016,1,26,8,37,19
F4:B8:5E:C4:5F:BE,-82,2016,1,26,8,37,19
F4:B8:5E:C4:63:25,-91,2016,1,26,8,37,19
68:9E:19:11:A6:DB,-90,2016,1,26,8,37,19
F4:B8:5E:DC:A9:F8,-89,2016,1,26,8,37,19
74:DA:EA:A8:9D:0F,-90,2016,1,26,8,37,49
F4:B8:5E:C4:8F:EE,-89,2016,1,26,8,37,49
F4:B8:5E:C4:5F:BE,-86,2016,1,26,8,37,49
F4:B8:5E:C4:63:25,-90,2016,1,26,8,37,49
68:9E:19:11:A6:DB,-80,2016,1,26,8,37,49
F4:B8:5E:DC:A9:F8,-84,2016,1,26,8,37,49
74:DA:EA:A8:9D:0F,-94,2016,1,26,8,38,20
F4:B8:5E:C4:8F:EE,-95,2016,1,26,8,38,20
F4:B8:5E:C4:5F:BE,-80,2016,1,26,8,38,20
F4:B8:5E:C4:63:25,-94,2016,1,26,8,38,20
68:9E:19:11:A6:DB,-88,2016,1,26,8,38,20
F4:B8:5E:DC:A9:F8,-85,2016,1,26,8,38,20
74:DA:EA:A8:9D:0F,-95,2016,1,26,8,38,50
F4:B8:5E:C4:8F:EE,-83,2016,1,26,8,38,50
F4:B8:5E:C4:5F:BE,-80,2016,1,26,8,38,50
F4:B8:5E:C4:63:25,-94,2016,1,26,8,38,50
68:9E:19:11:A6:DB,-88,2016,1,26,8,38,50
F4:B8:5E:DC:A9:F8,-90,2016,1,26,8,38,50
74:DA:EA:A8:9D:0F,-83,2016,1,26,8,39,20
F4:B8:5E:C4:8F:EE,-89,2016,1,26,8,39,20
F4:B8:5E:C4:5F:BE,-89,2016,1,26,8,39,20
F4:B8:5E:C4:63:25,-92,2016,1,26,8,39,20
68:9E:19:11:A6:DB,-85,2016,1,26,8,39,20
F4:B8:5E:DC:A9:F8,-83,2016,1,26,8,39,20
74:DA:EA:A8:9D:0F,-94,2016,1,26,8,39,51
F4:B8:5E:C4:8F:EE,-94,2016,1,26,8,39,51
F4:B8:5E:C4:5F:BE,-86,2016,1,26,8,39,51
F4:B8:5E:C4:63:25,-92,2016,1,26,8,39,51
68:9E:19:11:A6:DB,-94,2016,1,26,8,39,51
F4:B8:5E:DC:A9:F8,-86,2016,1,26,8,39,51
74:DA:EA:A8:9D:0F,-84,2016,1,26,8,40,22
F4:B8:5E:C4:8F:EE,-92,2016,1,26,8,40,22
F4:B8:5E:C4:5F:BE,-83,2016,1,26,8,40,22
F4:B8:5E:C4:63:25,-86,2016,1,26,8,40,22
68:9E:19:11:A6:DB,-94,2016,1,26,8,40,22
F4:B8:5E:DC:A9:F8,-90,2016,1,26,8,40,22
74:DA:EA:A8:9D:0F,-89,2016,1,26,8,40,53
F4:B8:5E:C4:8F:EE,-92,2016,1,26,8,40,53
F4:B8:5E:C4:5F:BE,-83,2016,1,26,8,40,53
F4:B8:5E:C4:63:25,-93,2016,1,26,8,40,53
68:9E:19:11:A6:DB,-82,2016,1,26,8,40,53
F4:B8:5E:DC:A9:F8,-90,2016,1,26,8,40,53
74:DA:EA:A8:9D:0F,-94,2016,1,26,8,41,24
F4:B8:5E:C4:8F:EE,-96,2016,1,26,8,41,24
F4:B8:5E:C4:5F:BE,-83,2016,1,26,8,41,24
F4:B8:5E:C4:63:25,-88,2016,1,26,8,41,24
68:9E:19:11:A6:DB,-83,2016,1,26,8,41,24
F4:B8:5E:DC:A9:F8,-89,2016,1,26,8,41,24
74:DA:EA:A8:9D:0F,-82,2016,1,26,8,41,55
F4:B8:5E:C4:8F:EE,-89,2016,1,26,8,41,55
F4:B8:5E:C4:5F:BE,-80,2016,1,26,8,41,55
F4:B8:5E:C4:63:25,-89,2016,1,26,8,41,55
68:9E:19:11:A6:DB,-81,2016,1,26,8,41,55
F4:B8:5E:DC:A9:F8,-93,2016,1,26,8,41,55
74:DA:EA:A8:9D:0F,-80,2016,1,26,8,42,26
F4:B8:5E:C4:8F:EE,-91,2016,1,26,8,42,26
F4:B8:5E:C4:5F:BE,-82,2016,1,26,8,42,26
F4:B8:5E:C4:63:25,-88,2016,1,26,8,42,26
68:9E:19:11:A6:DB,-82,2016,1,26,8,42,26
F4:B8:5E:DC:A9:F8,-80,2016,1,26,8,42,26
74:DA:EA:A8:9D:0F,-88,2016,1,26,8,42,56
F4:B8:5E:C4:8F:EE,-92,2016,1,26,8,42,56
F4:B8:5E:C4:5F:BE,-78,2016,1,26,8,42,56
F4:B8:5E:C4:63:25,-89,2016,1,26,8,42,56
68:9E:19:11:A6:DB,-84,2016,1,26,8,42,56
F4:B8:5E:DC:A9:F8,-79,2016,1,26,8,42,56
74:DA:EA:A8:9D:0F,-81,2016,1,26,8,43,27
F4:B8:5E:C4:8F:EE,-86,2016,1,26,8,43,27
F4:B8:5E:C4:5F:BE,-82,2016,1,26,8,43,27
F4:B8:5E:C4:63:25,-89,2016,1,26,8,43,27
68:9E:19:11:A6:DB,-80,2016,1,26,8,43,27
F4:B8:5E:DC:A9:F8,-79,2016,1,26,8,43,27
74:DA:EA:A8:9D:0F,-88,2016,1,26,8,43,57
F4:B8:5E:C4:8F:EE,-91,2016,1,26,8,43,57
F4:B8:5E:C4:5F:BE,-83,2016,1,26,8,43,57
F4:B8:5E:C4:63:25,-88,2016,1,26,8,43,57
68:9E:19:11:A6:DB,-83,2016,1,26,8,43,57
F4:B8:5E:DC:A9:F8,-81,2016,1,26,8,43,57
74:DA:EA:A8:9D:0F,-84,2016,1,26,8,44,27
F4:B8:5E:C4:8F:EE,-88,2016,1,26,8,44,27
F4:B8:5E:C4:5F:BE,-90,2016,1,26,8,44,27
F4:B8:5E:C4:63:25,-90,2016,1,26,8,44,27
68:9E:19:11:A6:DB,-83,2016,1,26,8,44,27
F4:B8:5E:DC:A9:F8,-78,2016,1,26,8,44,27
74:DA:EA:A8:9D:0F,-96,2016,1,26,8,44,58
F4:B8:5E:C4:8F:EE,-97,2016,1,26,8,44,58
F4:B8:5E:C4:5F:BE,-76,2016,1,26,8,44,58
F4:B8:5E:C4:63:25,-83,2016,1,26,8,44,58
68:9E:19:11:A6:DB,-81,2016,1,26,8,44,58
F4:B8:5E:DC:A9:F8,-89,2016,1,26,8,44,58
74:DA:EA:A8:9D:0F,-89,2016,1,26,8,45,29
F4:B8:5E:C4:8F:EE,-93,2016,1,26,8,45,29
F4:B8:5E:C4:5F:BE,-90,2016,1,26,8,45,29
F4:B8:5E:C4:63:25,-76,2016,1,26,8,45,29
68:9E:19:11:A6:DB,-89,2016,1,26,8,45,29
F4:B8:5E:DC:A9:F8,-90,2016,1,26,8,45,29
74:DA:EA:A8:9D:0F,-81,2016,1,26,8,46,0
F4:B8:5E:C4:8F:EE,-79,2016,1,26,8,46,0
F4:B8:5E:C4:5F:BE,-91,2016,1,26,8,46,0
F4:B8:5E:C4:63:25,-86,2016,1,26,8,46,0
68:9E:19:11:A6:DB,-86,2016,1,26,8,46,0
F4:B8:5E:DC:A9:F8,-91,2016,1,26,8,46,0
74:DA:EA:A8:9D:0F,-88,2016,1,26,8,46,30
F4:B8:5E:C4:8F:EE,-73,2016,1,26,8,46,30
F4:B8:5E:C4:5F:BE,-90,2016,1,26,8,46,30
F4:B8:5E:C4:63:25,-94,2016,1,26,8,46,30
68:9E:19:11:A6:DB,-82,2016,1,26,8,46,30
F4:B8:5E:DC:A9:F8,-77,2016,1,26,8,46,30
74:DA:EA:A8:9D:0F,-76,2016,1,26,8,47,0
F4:B8:5E:C4:8F:EE,-69,2016,1,26,8,47,0
F4:B8:5E:C4:5F:BE,-90,2016,1,26,8,47,0
F4:B8:5E:C4:63:25,-79,2016,1,26,8,47,0
68:9E:19:11:A6:DB,-73,2016,1,26,8,47,0
F4:B8:5E:DC:A9:F8,-69,2016,1,26,8,47,0
74:DA:EA:A8:9D:0F,-65,2016,1,26,8,47,30
F4:B8:5E:C4:8F:EE,-68,2016,1,26,8,47,30
F4:B8:5E:C4:5F:BE,-92,2016,1,26,8,47,30
F4:B8:5E:C4:63:25,-69,2016,1,26,8,47,30
68:9E:19:11:A6:DB,-69,2016,1,26,8,47,30
F4:B8:5E:DC:A9:F8,-68,2016,1,26,8,47,30
74:DA:EA:A8:9D:0F,-76,2016,1,26,8,48,1
F4:B8:5E:C4:8F:EE,-70,2016,1,26,8,48,1
F4:B8:5E:C4:5F:BE,-87,2016,1,26,8,48,1
F4:B8:5E:C4:63:25,-68,2016,1,26,8,48,1
68:9E:19:11:A6:DB,-68,2016,1,26,8,48,1
F4:B8:5E:DC:A9:F8,-68,2016,1,26,8,48,1
F4:B8:5E:C4:8F:EE,-68,2016,1,26,8,48,31
74:DA:EA:A8:9D:0F,-68,2016,1,26,8,48,31
F4:B8:5E:C4:63:25,-68,2016,1,26,8,48,31
F4:B8:5E:DC:A9:F8,-70,2016,1,26,8,48,31
68:9E:19:11:A6:DB,-65,2016,1,26,8,48,31
F4:B8:5E:C4:63:25,-68,2016,1,26,8,49,1
74:DA:EA:A8:9D:0F,-65,2016,1,26,8,49,1
F4:B8:5E:C4:8F:EE,-65,2016,1,26,8,49,1
68:9E:19:11:A6:DB,-68,2016,1,26,8,49,1
F4:B8:5E:DC:A9:F8,-68,2016,1,26,8,49,1
F4:B8:5E:C4:63:25,-68,2016,1,26,8,49,31
74:DA:EA:A8:9D:0F,-68,2016,1,26,8,49,31
F4:B8:5E:C4:8F:EE,-68,2016,1,26,8,49,31
F4:B8:5E:DC:A9:F8,-72,2016,1,26,8,49,31
68:9E:19:11:A6:DB,-68,2016,1,26,8,49,31
F4:B8:5E:C4:63:25,-65,2016,1,26,8,50,1
74:DA:EA:A8:9D:0F,-65,2016,1,26,8,50,1
F4:B8:5E:C4:8F:EE,-68,2016,1,26,8,50,1
F4:B8:5E:DC:A9:F8,-74,2016,1,26,8,50,1
68:9E:19:11:A6:DB,-68,2016,1,26,8,50,1
F4:B8:5E:C4:63:25,-68,2016,1,26,8,50,31
74:DA:EA:A8:9D:0F,-68,2016,1,26,8,50,31
F4:B8:5E:C4:8F:EE,-68,2016,1,26,8,50,31
68:9E:19:11:A6:DB,-68,2016,1,26,8,50,31
F4:B8:5E:DC:A9:F8,-68,2016,1,26,8,50,31
F4:B8:5E:C4:8F:EE,-65,2016,1,26,8,51,2
74:DA:EA:A8:9D:0F,-68,2016,1,26,8,51,2
F4:B8:5E:C4:63:25,-68,2016,1,26,8,51,2
68:9E:19:11:A6:DB,-68,2016,1,26,8,51,2
F4:B8:5E:DC:A9:F8,-70,2016,1,26,8,51,2
F4:B8:5E:C4:63:25,-68,2016,1,26,8,51,33
74:DA:EA:A8:9D:0F,-65,2016,1,26,8,51,33
F4:B8:5E:C4:8F:EE,-68,2016,1,26,8,51,33
F4:B8:5E:DC:A9:F8,-68,2016,1,26,8,51,33
68:9E:19:11:A6:DB,-65,2016,1,26,8,51,33
F4:B8:5E:C4:63:25,-68,2016,1,26,8,52,4
74:DA:EA:A8:9D:0F,-62,2016,1,26,8,52,4
F4:B8:5E:C4:8F:EE,-68,2016,1,26,8,52,4
F4:B8:5E:DC:A9:F8,-72,2016,1,26,8,52,4
68:9E:19:11:A6:DB,-65,2016,1,26,8,52,4
F4:B8:5E:C4:63:25,-68,2016,1,26,8,52,35
74:DA:EA:A8:9D:0F,-65,2016,1,26,8,52,35
F4:B8:5E:C4:8F:EE,-68,2016,1,26,8,52,35
F4:B8:5E:DC:A9:F8,-68,2016,1,26,8,52,35
68:9E:19:11:A6:DB,-68,2016,1,26,8,52,35
F4:B8:5E:C4:63:25,-65,2016,1,26,8,53,6
74:DA:EA:A8:9D:0F,-69,2016,1,26,8,53,6
F4:B8:5E:C4:8F:EE,-68,2016,1,26,8,53,6
68:9E:19:11:A6:DB,-68,2016,1,26,8,53,6
F4:B8:5E:DC:A9:F8,-71,2016,1,26,8,53,6
F4:B8:5E:C4:8F:EE,-68,2016,1,26,8,53,36
74:DA:EA:A8:9D:0F,-68,2016,1,26,8,53,36
F4:B8:5E:C4:63:25,-65,2016,1,26,8,53,36
F4:B8:5E:DC:A9:F8,-68,2016,1,26,8,53,36
68:9E:19:11:A6:DB,-69,2016,1,26,8,53,36
F4:B8:5E:C4:8F:EE,-68,2016,1,26,8,54,7
74:DA:EA:A8:9D:0F,-68,2016,1,26,8,54,7
F4:B8:5E:C4:63:25,-65,2016,1,26,8,54,7
68:9E:19:11:A6:DB,-65,2016,1,26,8,54,7
F4:B8:5E:DC:A9:F8,-65,2016,1,26,8,54,7
F4:B8:5E:C4:63:25,-68,2016,1,26,8,54,37
74:DA:EA:A8:9D:0F,-68,2016,1,26,8,54,37
F4:B8:5E:C4:8F:EE,-68,2016,1,26,8,54,37
68:9E:19:11:A6:DB,-68,2016,1,26,8,54,37
F4:B8:5E:DC:A9:F8,-69,2016,1,26,8,54,37
F4:B8:5E:C4:63:25,-68,2016,1,26,8,55,8
74:DA:EA:A8:9D:0F,-68,2016,1,26,8,55,8
F4:B8:5E:C4:8F:EE,-65,2016,1,26,8,55,8
68:9E:19:11:A6:DB,-65,2016,1,26,8,55,8
F4:B8:5E:DC:A9:F8,-75,2016,1,26,8,55,8
F4:B8:5E:C4:63:25,-65,2016,1,26,8,55,38
74:DA:EA:A8:9D:0F,-68,2016,1,26,8,55,38
F4:B8:5E:C4:8F:EE,-68,2016,1,26,8,55,38
68:9E:19:11:A6:DB,-69,2016,1,26,8,55,38
F4:B8:5E:DC:A9:F8,-73,2016,1,26,8,55,38
F4:B8:5E:C4:8F:EE,-78,2016,1,26,8,56,9
74:DA:EA:A8:9D:0F,-69,2016,1,26,8,56,9
F4:B8:5E:C4:63:25,-68,2016,1,26,8,56,9
68:9E:19:11:A6:DB,-70,2016,1,26,8,56,9
F4:B8:5E:DC:A9:F8,-72,2016,1,26,8,56,9
F4:B8:5E:C4:63:25,-79,2016,1,26,8,56,40
74:DA:EA:A8:9D:0F,-87,2016,1,26,8,56,40
F4:B8:5E:C4:8F:EE,-83,2016,1,26,8,56,40
F4:B8:5E:DC:A9:F8,-80,2016,1,26,8,56,40
68:9E:19:11:A6:DB,-77,2016,1,26,8,56,40
F4:B8:5E:C4:63:25,-91,2016,1,26,8,57,11
74:DA:EA:A8:9D:0F,-93,2016,1,26,8,57,11
F4:B8:5E:C4:8F:EE,-94,2016,1,26,8,57,11
F4:B8:5E:DC:A9:F8,-90,2016,1,26,8,57,11
68:9E:19:11:A6:DB,-93,2016,1,26,8,57,11
F4:B8:5E:C4:8F:EE,-87,2016,1,26,8,57,41
74:DA:EA:A8:9D:0F,-92,2016,1,26,8,57,41
F4:B8:5E:C4:63:25,-98,2016,1,26,8,57,41
68:9E:19:11:A6:DB,-96,2016,1,26,8,57,41
F4:B8:5E:DC:A9:F8,-96,2016,1,26,8,57,41
F4:B8:5E:C4:63:25,-92,2016,1,26,8,58,12
74:DA:EA:A8:9D:0F,-84,2016,1,26,8,58,12
F4:B8:5E:C4:8F:EE,-82,2016,1,26,8,58,12
68:9E:19:11:A6:DB,-85,2016,1,26,8,58,12
F4:B8:5E:DC:A9:F8,-76,2016,1,26,8,58,12
F4:B8:5E:C4:8F:EE,-77,2016,1,26,8,58,42
74:DA:EA:A8:9D:0F,-84,2016,1,26,8,58,42
F4:B8:5E:C4:63:25,-78,2016,1,26,8,58,42
68:9E:19:11:A6:DB,-96,2016,1,26,8,58,42
F4:B8:5E:DC:A9:F8,-80,2016,1,26,8,58,42
F4:B8:5E:C4:8F:EE,-96,2016,1,26,8,59,13
74:DA:EA:A8:9D:0F,-97,2016,1,26,8,59,13
F4:B8:5E:C4:63:25,-96,2016,1,26,8,59,13
68:9E:19:11:A6:DB,-92,2016,1,26,8,59,13
F4:B8:5E:DC:A9:F8,-98,2016,1,26,8,59,13
F4:B8:5E:C4:63:25,-97,2016,1,26,8,59,43
74:DA:EA:A8:9D:0F,-79,2016,1,26,8,59,43
F4:B8:5E:C4:8F:EE,-93,2016,1,26,8,59,43
68:9E:19:11:A6:DB,-90,2016,1,26,8,59,43
F4:B8:5E:DC:A9:F8,-93,2016,1,26,8,59,43
F4:B8:5E:C4:63:25,-95,2016,1,26,9,0,13
68:9E:19:11:A6:DB,-93,2016,1,26,9,0,13
F4:B8:5E:C4:63:25,-90,2016,1,26,9,7,46
74:DA:EA:A8:9D:0F,-88,2016,1,26,9,7,46
F4:B8:5E:C4:8F:EE,-95,2016,1,26,9,7,46
F4:B8:5E:DC:A9:F8,-85,2016,1,26,9,7,46
68:9E:19:11:A6:DB,-93,2016,1,26,9,7,46
F4:B8:5E:C4:8F:EE,-96,2016,1,26,9,8,17
74:DA:EA:A8:9D:0F,-88,2016,1,26,9,8,17
F4:B8:5E:C4:63:25,-94,2016,1,26,9,8,17
68:9E:19:11:A6:DB,-85,2016,1,26,9,8,17
F4:B8:5E:DC:A9:F8,-92,2016,1,26,9,8,17
68:9E:19:11:A6:DB,-97,2016,1,26,9,8,48
68:9E:19:11:A6:DB,-89,2016,1,26,9,9,19
68:9E:19:11:A6:DB,-93,2016,1,26,9,9,49
68:9E:19:11:A6:DB,-94,2016,1,26,9,10,19
68:9E:19:11:A6:DB,-92,2016,1,26,9,28,24
68:9E:19:11:A6:DB,-97,2016,1,26,9,28,54
F4:B8:5E:C4:63:25,-90,2016,1,26,9,37,27
F4:B8:5E:DC:A9:F8,-92,2016,1,26,9,37,27
F4:B8:5E:DC:A9:F8,-94,2016,1,26,9,38,28
F4:B8:5E:DC:A9:F8,-94,2016,1,26,9,38,59
F4:B8:5E:DC:A9:F8,-94,2016,1,26,9,39,29
74:DA:EA:A8:9D:0F,-95,2016,1,26,9,39,59
F4:B8:5E:C4:63:25,-93,2016,1,26,9,39,59
F4:B8:5E:DC:A9:F8,-93,2016,1,26,9,39,59
F4:B8:5E:C4:63:25,-94,2016,1,26,9,40,29
F4:B8:5E:C4:63:25,-96,2016,1,26,9,40,59
F4:B8:5E:C4:8F:EE,-95,2016,1,26,9,41,29
F4:B8:5E:C4:63:25,-93,2016,1,26,9,41,29
F4:B8:5E:DC:A9:F8,-95,2016,1,26,9,41,59
F4:B8:5E:C4:8F:EE,-94,2016,1,26,9,45,1
F4:B8:5E:C4:8F:EE,-91,2016,1,26,9,45,31
F4:B8:5E:C4:8F:EE,-90,2016,1,26,9,46,1
F4:B8:5E:C4:63:25,-95,2016,1,26,9,47,1
F4:B8:5E:C4:8F:EE,-98,2016,1,26,9,47,1
F4:B8:5E:C4:8F:EE,-87,2016,1,26,9,47,31
F4:B8:5E:C4:63:25,-98,2016,1,26,9,48,2
F4:B8:5E:C4:8F:EE,-94,2016,1,26,9,48,2
F4:B8:5E:C4:8F:EE,-99,2016,1,26,9,48,33
F4:B8:5E:C4:8F:EE,-97,2016,1,26,9,49,34
F4:B8:5E:C4:8F:EE,-98,2016,1,26,9,50,4
F4:B8:5E:C4:8F:EE,-92,2016,1,26,9,50,34
F4:B8:5E:C4:8F:EE,-97,2016,1,26,9,51,4
F4:B8:5E:C4:8F:EE,-92,2016,1,26,9,51,35
F4:B8:5E:C4:8F:EE,-96,2016,1,26,9,53,37
F4:B8:5E:C4:8F:EE,-88,2016,1,26,9,54,8
F4:B8:5E:C4:8F:EE,-89,2016,1,26,9,54,38
F4:B8:5E:C4:8F:EE,-92,2016,1,26,9,55,9
F4:B8:5E:C4:8F:EE,-95,2016,1,26,9,55,39
F4:B8:5E:C4:8F:EE,-96,2016,1,26,9,56,10
F4:B8:5E:C4:8F:EE,-92,2016,1,26,9,57,40
F4:B8:5E:C4:8F:EE,-96,2016,1,26,9,59,11
F4:B8:5E:C4:8F:EE,-91,2016,1,26,9,59,42
F4:B8:5E:C4:8F:EE,-93,2016,1,26,10,0,12
F4:B8:5E:C4:8F:EE,-86,2016,1,26,10,0,43
F4:B8:5E:C4:8F:EE,-94,2016,1,26,10,1,13
F4:B8:5E:C4:8F:EE,-85,2016,1,26,10,1,44
F4:B8:5E:C4:8F:EE,-85,2016,1,26,10,2,15
F4:B8:5E:C4:63:25,-92,2016,1,26,10,2,45
74:DA:EA:A8:9D:0F,-88,2016,1,26,10,2,45
F4:B8:5E:C4:8F:EE,-90,2016,1,26,10,2,45
F4:B8:5E:DC:A9:F8,-81,2016,1,26,10,2,45
74:DA:EA:A8:9D:0F,-90,2016,1,26,10,3,15
F4:B8:5E:C4:63:25,-89,2016,1,26,10,3,15
F4:B8:5E:DC:A9:F8,-82,2016,1,26,10,3,15
74:DA:EA:A8:9D:0F,-96,2016,1,26,10,3,46
F4:B8:5E:C4:63:25,-85,2016,1,26,10,3,46
F4:B8:5E:DC:A9:F8,-81,2016,1,26,10,3,46
74:DA:EA:A8:9D:0F,-87,2016,1,26,10,4,17
F4:B8:5E:C4:63:25,-88,2016,1,26,10,4,17
F4:B8:5E:DC:A9:F8,-89,2016,1,26,10,4,17
74:DA:EA:A8:9D:0F,-95,2016,1,26,10,4,48
F4:B8:5E:C4:63:25,-88,2016,1,26,10,4,48
F4:B8:5E:DC:A9:F8,-94,2016,1,26,10,4,48
F4:B8:5E:C4:63:25,-96,2016,1,26,10,5,19
F4:B8:5E:DC:A9:F8,-96,2016,1,26,10,5,19
74:DA:EA:A8:9D:0F,-91,2016,1,26,10,5,50
F4:B8:5E:C4:63:25,-98,2016,1,26,10,5,50
F4:B8:5E:DC:A9:F8,-88,2016,1,26,10,5,50
74:DA:EA:A8:9D:0F,-96,2016,1,26,10,6,21
F4:B8:5E:DC:A9:F8,-94,2016,1,26,10,6,21
74:DA:EA:A8:9D:0F,-96,2016,1,26,10,6,52
F4:B8:5E:C4:63:25,-94,2016,1,26,10,6,52
F4:B8:5E:DC:A9:F8,-93,2016,1,26,10,6,52
74:DA:EA:A8:9D:0F,-92,2016,1,26,10,7,23
F4:B8:5E:C4:63:25,-83,2016,1,26,10,7,23
F4:B8:5E:DC:A9:F8,-86,2016,1,26,10,7,23
F4:B8:5E:DC:A9:F8,-83,2016,1,26,10,7,53
F4:B8:5E:DC:A9:F8,-88,2016,1,26,10,8,23
F4:B8:5E:DC:A9:F8,-91,2016,1,26,10,8,53
F4:B8:5E:DC:A9:F8,-95,2016,1,26,10,9,23
F4:B8:5E:DC:A9:F8,-81,2016,1,26,10,9,54
F4:B8:5E:DC:A9:F8,-94,2016,1,26,10,10,25
F4:B8:5E:DC:A9:F8,-91,2016,1,26,10,10,56
F4:B8:5E:DC:A9:F8,-89,2016,1,26,10,11,27
F4:B8:5E:DC:A9:F8,-97,2016,1,26,10,11,58
F4:B8:5E:DC:A9:F8,-96,2016,1,26,10,12,29
F4:B8:5E:DC:A9:F8,-92,2016,1,26,10,13,0
F4:B8:5E:DC:A9:F8,-87,2016,1,26,10,13,30
F4:B8:5E:DC:A9:F8,-89,2016,1,26,10,14,0
F4:B8:5E:DC:A9:F8,-93,2016,1,26,10,14,31
F4:B8:5E:DC:A9:F8,-91,2016,1,26,10,15,2
F4:B8:5E:DC:A9:F8,-87,2016,1,26,10,15,33
F4:B8:5E:DC:A9:F8,-95,2016,1,26,10,16,3
F4:B8:5E:DC:A9:F8,-95,2016,1,26,10,16,33
F4:B8:5E:DC:A9:F8,-88,2016,1,26,10,17,3
F4:B8:5E:DC:A9:F8,-89,2016,1,26,10,17,33
F4:B8:5E:DC:A9:F8,-88,2016,1,26,10,18,34
F4:B8:5E:DC:A9:F8,-97,2016,1,26,10,19,5
F4:B8:5E:DC:A9:F8,-94,2016,1,26,10,19,36
F4:B8:5E:DC:A9:F8,-92,2016,1,26,10,20,7
F4:B8:5E:DC:A9:F8,-93,2016,1,26,10,20,37
F4:B8:5E:DC:A9:F8,-89,2016,1,26,10,21,7
F4:B8:5E:DC:A9:F8,-83,2016,1,26,10,21,37
F4:B8:5E:C4:63:25,-87,2016,1,26,10,30,10
F4:B8:5E:C4:63:25,-90,2016,1,26,10,30,41
74:DA:EA:A8:9D:0F,-85,2016,1,26,10,31,11
F4:B8:5E:C4:63:25,-84,2016,1,26,10,31,11
74:DA:EA:A8:9D:0F,-86,2016,1,26,10,31,41
F4:B8:5E:C4:63:25,-88,2016,1,26,10,31,41
74:DA:EA:A8:9D:0F,-94,2016,1,26,10,32,12
F4:B8:5E:C4:63:25,-98,2016,1,26,10,32,12
74:DA:EA:A8:9D:0F,-92,2016,1,26,10,32,42
F4:B8:5E:C4:63:25,-96,2016,1,26,10,32,42
74:DA:EA:A8:9D:0F,-96,2016,1,26,10,33,12
F4:B8:5E:C4:63:25,-90,2016,1,26,10,33,12
74:DA:EA:A8:9D:0F,-96,2016,1,26,10,33,43
F4:B8:5E:C4:63:25,-90,2016,1,26,10,33,43
74:DA:EA:A8:9D:0F,-89,2016,1,26,10,34,13
F4:B8:5E:C4:63:25,-81,2016,1,26,10,34,13
74:DA:EA:A8:9D:0F,-82,2016,1,26,10,34,44
F4:B8:5E:C4:63:25,-83,2016,1,26,10,34,44
74:DA:EA:A8:9D:0F,-92,2016,1,26,10,35,14
F4:B8:5E:C4:63:25,-92,2016,1,26,10,35,14
74:DA:EA:A8:9D:0F,-84,2016,1,26,10,35,45
F4:B8:5E:C4:63:25,-93,2016,1,26,10,35,45
74:DA:EA:A8:9D:0F,-85,2016,1,26,10,36,45
F4:B8:5E:C4:63:25,-79,2016,1,26,10,36,45
74:DA:EA:A8:9D:0F,-86,2016,1,26,10,37,15
F4:B8:5E:C4:63:25,-92,2016,1,26,10,37,15
74:DA:EA:A8:9D:0F,-94,2016,1,26,10,37,46
F4:B8:5E:C4:63:25,-95,2016,1,26,10,37,46
74:DA:EA:A8:9D:0F,-88,2016,1,26,10,38,16
F4:B8:5E:C4:63:25,-91,2016,1,26,10,38,16
74:DA:EA:A8:9D:0F,-95,2016,1,26,10,38,47
F4:B8:5E:C4:63:25,-92,2016,1,26,10,38,47
74:DA:EA:A8:9D:0F,-97,2016,1,26,10,39,18
F4:B8:5E:C4:63:25,-87,2016,1,26,10,39,18
F4:B8:5E:C4:63:25,-89,2016,1,26,10,39,49
74:DA:EA:A8:9D:0F,-88,2016,1,26,10,40,19
F4:B8:5E:C4:63:25,-87,2016,1,26,10,40,19
74:DA:EA:A8:9D:0F,-97,2016,1,26,10,40,49
F4:B8:5E:C4:63:25,-91,2016,1,26,10,40,49
74:DA:EA:A8:9D:0F,-91,2016,1,26,10,41,19
F4:B8:5E:C4:63:25,-90,2016,1,26,10,41,19
74:DA:EA:A8:9D:0F,-91,2016,1,26,10,41,49
F4:B8:5E:C4:63:25,-90,2016,1,26,10,41,49
74:DA:EA:A8:9D:0F,-90,2016,1,26,10,42,20
F4:B8:5E:C4:63:25,-90,2016,1,26,10,42,20
F4:B8:5E:C4:63:25,-95,2016,1,26,10,42,51
F4:B8:5E:C4:63:25,-97,2016,1,26,10,43,22
F4:B8:5E:C4:63:25,-93,2016,1,26,10,44,23
74:DA:EA:A8:9D:0F,-96,2016,1,26,10,44,54
F4:B8:5E:C4:63:25,-91,2016,1,26,10,44,54
74:DA:EA:A8:9D:0F,-98,2016,1,26,10,45,25
F4:B8:5E:C4:63:25,-89,2016,1,26,10,45,25
74:DA:EA:A8:9D:0F,-88,2016,1,26,10,45,55
F4:B8:5E:C4:63:25,-93,2016,1,26,10,45,55
F4:B8:5E:C4:63:25,-93,2016,1,26,10,46,25
74:DA:EA:A8:9D:0F,-94,2016,1,26,10,46,55
F4:B8:5E:C4:63:25,-91,2016,1,26,10,46,55
F4:B8:5E:C4:63:25,-86,2016,1,26,10,47,25
F4:B8:5E:C4:63:25,-96,2016,1,26,10,47,56
F4:B8:5E:C4:63:25,-97,2016,1,26,10,48,27
F4:B8:5E:C4:63:25,-91,2016,1,26,10,50,28
F4:B8:5E:C4:63:25,-95,2016,1,26,10,50,58
F4:B8:5E:C4:63:25,-92,2016,1,26,10,51,28
F4:B8:5E:C4:63:25,-94,2016,1,26,10,51,58
F4:B8:5E:C4:63:25,-91,2016,1,26,10,52,28
F4:B8:5E:C4:63:25,-91,2016,1,26,10,52,58
F4:B8:5E:C4:63:25,-93,2016,1,26,10,53,29
F4:B8:5E:C4:63:25,-90,2016,1,26,10,54,0
F4:B8:5E:C4:63:25,-92,2016,1,26,10,54,31
F4:B8:5E:C4:63:25,-95,2016,1,26,10,55,2
F4:B8:5E:C4:63:25,-95,2016,1,26,10,55,32
F4:B8:5E:C4:63:25,-92,2016,1,26,10,56,2
F4:B8:5E:C4:63:25,-97,2016,1,26,10,56,33
F4:B8:5E:C4:63:25,-90,2016,1,26,10,57,3
74:DA:EA:A8:9D:0F,-97,2016,1,26,10,57,34
F4:B8:5E:C4:63:25,-93,2016,1,26,10,57,34
74:DA:EA:A8:9D:0F,-95,2016,1,26,10,59,6
F4:B8:5E:C4:63:25,-95,2016,1,26,10,59,6
F4:B8:5E:C4:63:25,-94,2016,1,26,11,0,37
F4:B8:5E:C4:63:25,-87,2016,1,26,11,1,38
F4:B8:5E:C4:63:25,-95,2016,1,26,11,2,8
F4:B8:5E:C4:63:25,-97,2016,1,26,11,2,38
F4:B8:5E:C4:63:25,-95,2016,1,26,11,3,8
F4:B8:5E:C4:8F:EE,-96,2016,1,26,11,55,49
F4:B8:5E:C4:8F:EE,-95,2016,1,26,11,57,49
F4:B8:5E:C4:8F:EE,-95,2016,1,26,11,59,51
F4:B8:5E:C4:8F:EE,-98,2016,1,26,12,0,21
F4:B8:5E:C4:8F:EE,-96,2016,1,26,12,0,51
F4:B8:5E:C4:8F:EE,-94,2016,1,26,12,2,51
F4:B8:5E:C4:8F:EE,-96,2016,1,26,12,3,21
F4:B8:5E:C4:8F:EE,-97,2016,1,26,12,5,22
F4:B8:5E:C4:8F:EE,-98,2016,1,26,12,11,53
F4:B8:5E:C4:8F:EE,-96,2016,1,26,12,21,25
F4:B8:5E:C4:8F:EE,-98,2016,1,26,12,22,25
F4:B8:5E:C4:8F:EE,-93,2016,1,26,12,30,28
F4:B8:5E:C4:8F:EE,-98,2016,1,26,12,30,59
F4:B8:5E:C4:8F:EE,-96,2016,1,26,12,33,59
F4:B8:5E:C4:8F:EE,-91,2016,1,26,12,34,30
F4:B8:5E:C4:8F:EE,-96,2016,1,26,12,35,1
F4:B8:5E:C4:8F:EE,-96,2016,1,26,12,35,32
F4:B8:5E:C4:8F:EE,-93,2016,1,26,12,36,32
F4:B8:5E:C4:8F:EE,-99,2016,1,26,12,37,2
F4:B8:5E:C4:8F:EE,-96,2016,1,26,12,38,32
F4:B8:5E:C4:8F:EE,-97,2016,1,26,13,33,13
F4:B8:5E:C4:8F:EE,-98,2016,1,26,13,33,43
F4:B8:5E:C4:8F:EE,-99,2016,1,26,13,34,14
F4:B8:5E:C4:8F:EE,-93,2016,1,26,14,3,20
F4:B8:5E:C4:8F:EE,-93,2016,1,26,14,4,50
F4:B8:5E:C4:8F:EE,-95,2016,1,26,14,5,51
F4:B8:5E:C4:8F:EE,-96,2016,1,26,14,6,52
F4:B8:5E:C4:8F:EE,-96,2016,1,26,14,7,23
F4:B8:5E:C4:8F:EE,-96,2016,1,26,14,10,24
F4:B8:5E:C4:8F:EE,-94,2016,1,26,14,11,56
F4:B8:5E:C4:8F:EE,-94,2016,1,26,14,28,30
F4:B8:5E:C4:8F:EE,-97,2016,1,26,14,33,1
F4:B8:5E:C4:8F:EE,-95,2016,1,26,14,33,31
F4:B8:5E:C4:8F:EE,-98,2016,1,26,14,34,1
F4:B8:5E:C4:8F:EE,-97,2016,1,26,14,36,2
F4:B8:5E:C4:8F:EE,-95,2016,1,26,15,14,39
F4:B8:5E:C4:8F:EE,-95,2016,1,26,15,17,11
F4:B8:5E:C4:8F:EE,-97,2016,1,26,15,18,11
F4:B8:5E:C4:8F:EE,-98,2016,1,26,15,20,12
F4:B8:5E:C4:8F:EE,-98,2016,1,26,15,22,14
F4:B8:5E:C4:8F:EE,-96,2016,1,26,15,22,44
F4:B8:5E:C4:8F:EE,-100,2016,1,26,15,54,50
