F4:B8:5E:C4:5F:BE,-98,2016,1,27,8,43,41
F4:B8:5E:C4:5F:BE,-92,2016,1,27,8,44,41
F4:B8:5E:C4:5F:BE,-93,2016,1,27,9,3,15
F4:B8:5E:C4:5F:BE,-89,2016,1,27,9,12,17
F4:B8:5E:C4:5F:BE,-93,2016,1,27,9,12,48
F4:B8:5E:C4:5F:BE,-94,2016,1,27,9,13,19
F4:B8:5E:C4:5F:BE,-96,2016,1,27,9,13,49
F4:B8:5E:C4:5F:BE,-93,2016,1,27,9,14,49
F4:B8:5E:C4:5F:BE,-90,2016,1,27,17,4,52
F4:B8:5E:C4:5F:BE,-89,2016,1,27,17,5,22
F4:B8:5E:C4:5F:BE,-94,2016,1,27,17,5,53
F4:B8:5E:C4:5F:BE,-93,2016,1,27,17,6,24
F4:B8:5E:C4:5F:BE,-95,2016,1,27,17,6,55
F4:B8:5E:C4:5F:BE,-92,2016,1,27,17,7,26
F4:B8:5E:C4:5F:BE,-92,2016,1,27,17,7,57
F4:B8:5E:C4:5F:BE,-93,2016,1,27,17,8,27
F4:B8:5E:C4:5F:BE,-93,2016,1,27,17,8,58
F4:B8:5E:C4:5F:BE,-93,2016,1,27,17,9,28
F4:B8:5E:C4:5F:BE,-94,2016,1,27,17,9,58
F4:B8:5E:C4:5F:BE,-94,2016,1,27,17,10,28
F4:B8:5E:C4:5F:BE,-92,2016,1,27,17,10,58
F4:B8:5E:C4:5F:BE,-96,2016,1,27,17,13,0
F4:B8:5E:C4:5F:BE,-96,2016,1,27,17,14,0
F4:B8:5E:C4:5F:BE,-96,2016,1,27,17,14,30
F4:B8:5E:C4:5F:BE,-96,2016,1,27,17,15,0
F4:B8:5E:C4:5F:BE,-94,2016,1,27,17,16,31
F4:B8:5E:C4:5F:BE,-97,2016,1,27,17,17,2
F4:B8:5E:C4:5F:BE,-96,2016,1,27,17,18,3
F4:B8:5E:C4:5F:BE,-96,2016,1,27,17,19,34
F4:B8:5E:C4:5F:BE,-95,2016,1,27,17,21,5
F4:B8:5E:C4:5F:BE,-95,2016,1,27,17,21,35
F4:B8:5E:C4:5F:BE,-94,2016,1,27,17,22,6
F4:B8:5E:C4:5F:BE,-92,2016,1,27,17,22,36
F4:B8:5E:C4:5F:BE,-93,2016,1,27,17,23,36
F4:B8:5E:C4:5F:BE,-92,2016,1,27,17,24,6
F4:B8:5E:C4:5F:BE,-93,2016,1,27,17,25,6
F4:B8:5E:C4:5F:BE,-92,2016,1,27,17,25,36
F4:B8:5E:C4:5F:BE,-92,2016,1,27,17,26,36
F4:B8:5E:C4:5F:BE,-93,2016,1,27,17,27,37
F4:B8:5E:C4:5F:BE,-92,2016,1,27,17,28,8
F4:B8:5E:C4:5F:BE,-93,2016,1,27,17,29,9
F4:B8:5E:C4:5F:BE,-94,2016,1,27,17,29,40
F4:B8:5E:C4:5F:BE,-92,2016,1,27,17,30,11
F4:B8:5E:C4:5F:BE,-93,2016,1,27,17,31,12
F4:B8:5E:C4:5F:BE,-92,2016,1,27,17,31,42
F4:B8:5E:C4:5F:BE,-92,2016,1,27,17,32,13
F4:B8:5E:C4:5F:BE,-95,2016,1,27,17,32,43
F4:B8:5E:C4:5F:BE,-92,2016,1,27,17,33,14
F4:B8:5E:C4:5F:BE,-91,2016,1,27,17,33,45
F4:B8:5E:C4:5F:BE,-90,2016,1,27,17,34,16
F4:B8:5E:C4:5F:BE,-93,2016,1,27,17,34,46
F4:B8:5E:C4:5F:BE,-93,2016,1,27,17,35,17
F4:B8:5E:C4:5F:BE,-98,2016,1,27,17,35,47
F4:B8:5E:C4:5F:BE,-93,2016,1,27,17,36,17
F4:B8:5E:C4:5F:BE,-95,2016,1,27,17,36,47
F4:B8:5E:C4:5F:BE,-94,2016,1,27,17,37,17
F4:B8:5E:C4:5F:BE,-96,2016,1,27,17,37,47
F4:B8:5E:C4:5F:BE,-88,2016,1,27,17,38,18
F4:B8:5E:C4:5F:BE,-89,2016,1,27,17,38,49
F4:B8:5E:C4:5F:BE,-95,2016,1,27,17,39,20
F4:B8:5E:C4:5F:BE,-90,2016,1,27,17,39,51
F4:B8:5E:C4:5F:BE,-89,2016,1,27,17,40,22
F4:B8:5E:C4:5F:BE,-96,2016,1,27,17,40,53
F4:B8:5E:C4:5F:BE,-89,2016,1,27,17,41,24
F4:B8:5E:C4:5F:BE,-96,2016,1,27,17,41,55
F4:B8:5E:C4:5F:BE,-95,2016,1,27,17,42,25
F4:B8:5E:C4:5F:BE,-97,2016,1,27,17,42,55
F4:B8:5E:C4:5F:BE,-89,2016,1,27,17,43,26
F4:B8:5E:C4:5F:BE,-93,2016,1,27,17,43,57
F4:B8:5E:C4:5F:BE,-95,2016,1,27,17,44,28
F4:B8:5E:C4:5F:BE,-90,2016,1,27,17,44,59
F4:B8:5E:C4:5F:BE,-95,2016,1,27,17,45,30
F4:B8:5E:C4:5F:BE,-90,2016,1,27,17,46,0
F4:B8:5E:C4:5F:BE,-89,2016,1,27,17,46,31
F4:B8:5E:C4:5F:BE,-89,2016,1,27,17,47,2
F4:B8:5E:C4:5F:BE,-90,2016,1,27,17,47,33
F4:B8:5E:C4:5F:BE,-90,2016,1,27,17,48,4
F4:B8:5E:C4:5F:BE,-92,2016,1,27,17,48,35
F4:B8:5E:C4:5F:BE,-90,2016,1,27,17,49,6
F4:B8:5E:C4:5F:BE,-96,2016,1,27,17,49,37
F4:B8:5E:C4:5F:BE,-92,2016,1,27,17,50,8
F4:B8:5E:C4:5F:BE,-94,2016,1,27,17,50,39
F4:B8:5E:C4:5F:BE,-95,2016,1,27,17,51,39
F4:B8:5E:C4:5F:BE,-97,2016,1,27,17,52,9
F4:B8:5E:C4:5F:BE,-95,2016,1,27,17,53,9
F4:B8:5E:C4:5F:BE,-97,2016,1,27,17,53,39
F4:B8:5E:C4:5F:BE,-93,2016,1,27,17,54,9
F4:B8:5E:C4:5F:BE,-96,2016,1,27,17,54,40
F4:B8:5E:C4:5F:BE,-94,2016,1,27,17,55,11
F4:B8:5E:C4:5F:BE,-99,2016,1,27,17,55,41
F4:B8:5E:C4:5F:BE,-98,2016,1,27,17,56,42
F4:B8:5E:C4:5F:BE,-94,2016,1,27,17,57,13
F4:B8:5E:C4:5F:BE,-94,2016,1,27,17,57,44
F4:B8:5E:C4:5F:BE,-94,2016,1,27,17,58,14
F4:B8:5E:C4:5F:BE,-97,2016,1,27,17,58,45
F4:B8:5E:C4:5F:BE,-95,2016,1,27,17,59,15
F4:B8:5E:C4:5F:BE,-97,2016,1,27,17,59,46
F4:B8:5E:C4:5F:BE,-93,2016,1,27,18,0,17
F4:B8:5E:C4:5F:BE,-98,2016,1,27,18,0,47
F4:B8:5E:C4:5F:BE,-93,2016,1,27,18,1,17
F4:B8:5E:C4:5F:BE,-99,2016,1,27,18,1,47
F4:B8:5E:C4:5F:BE,-92,2016,1,27,18,2,17
F4:B8:5E:C4:5F:BE,-93,2016,1,27,18,2,47
F4:B8:5E:C4:5F:BE,-92,2016,1,27,18,3,17
F4:B8:5E:C4:5F:BE,-97,2016,1,27,18,3,47
F4:B8:5E:C4:5F:BE,-97,2016,1,27,18,5,49
F4:B8:5E:C4:5F:BE,-92,2016,1,27,18,10,51
F4:B8:5E:C4:5F:BE,-97,2016,1,27,18,11,21
F4:B8:5E:C4:5F:BE,-96,2016,1,27,18,11,52
