F4:B8:5E:C4:5F:BE,-90,2016,1,21,13,29,47
F4:B8:5E:C4:5F:BE,-74,2016,1,21,13,30,18
F4:B8:5E:C4:5F:BE,-65,2016,1,21,13,30,49
F4:B8:5E:C4:5F:BE,-89,2016,1,21,13,31,20
F4:B8:5E:C4:5F:BE,-71,2016,1,21,13,31,51
F4:B8:5E:C4:5F:BE,-73,2016,1,21,13,32,21
F4:B8:5E:C4:5F:BE,-73,2016,1,21,13,32,51
F4:B8:5E:C4:5F:BE,-79,2016,1,21,13,33,21
F4:B8:5E:C4:5F:BE,-74,2016,1,21,13,33,51
F4:B8:5E:C4:5F:BE,-72,2016,1,21,13,34,22
F4:B8:5E:C4:5F:BE,-86,2016,1,21,13,34,53
F4:B8:5E:C4:5F:BE,-86,2016,1,21,13,35,24
F4:B8:5E:C4:5F:BE,-65,2016,1,21,13,35,55
F4:B8:5E:C4:5F:BE,-68,2016,1,21,13,36,26
F4:B8:5E:C4:5F:BE,-65,2016,1,21,13,36,57
F4:B8:5E:C4:5F:BE,-80,2016,1,21,13,37,27
74:DA:EA:A8:9D:0F,-80,2016,1,21,13,40,1
F4:B8:5E:C4:8F:EE,-90,2016,1,21,13,40,1
F4:B8:5E:C4:5F:BE,-86,2016,1,21,13,40,1
F4:B8:5E:C4:63:25,-77,2016,1,21,13,40,1
68:9E:19:11:A6:DB,-79,2016,1,21,13,40,1
F4:B8:5E:DC:A9:F8,-86,2016,1,21,13,40,1
74:DA:EA:A8:9D:0F,-92,2016,1,21,13,40,32
F4:B8:5E:C4:8F:EE,-86,2016,1,21,13,40,32
F4:B8:5E:C4:5F:BE,-93,2016,1,21,13,40,32
F4:B8:5E:C4:63:25,-89,2016,1,21,13,40,32
68:9E:19:11:A6:DB,-87,2016,1,21,13,40,32
F4:B8:5E:DC:A9:F8,-85,2016,1,21,13,40,32
74:DA:EA:A8:9D:0F,-82,2016,1,21,13,41,3
F4:B8:5E:C4:8F:EE,-92,2016,1,21,13,41,3
F4:B8:5E:C4:5F:BE,-91,2016,1,21,13,41,3
F4:B8:5E:C4:63:25,-87,2016,1,21,13,41,3
68:9E:19:11:A6:DB,-80,2016,1,21,13,41,3
F4:B8:5E:DC:A9:F8,-89,2016,1,21,13,41,3
F4:B8:5E:C4:8F:EE,-90,2016,1,21,13,41,34
F4:B8:5E:C4:63:25,-89,2016,1,21,13,41,34
74:DA:EA:A8:9D:0F,-91,2016,1,21,13,41,34
F4:B8:5E:C4:5F:BE,-93,2016,1,21,13,41,34
68:9E:19:11:A6:DB,-95,2016,1,21,13,41,34
F4:B8:5E:C4:63:25,-89,2016,1,26,7,56,2
F4:B8:5E:C4:8F:EE,-93,2016,1,26,7,56,2
F4:B8:5E:C4:5F:BE,-93,2016,1,26,7,56,2
74:DA:EA:A8:9D:0F,-90,2016,1,26,7,56,33
F4:B8:5E:C4:8F:EE,-90,2016,1,26,7,56,33
F4:B8:5E:C4:5F:BE,-92,2016,1,26,7,56,33
F4:B8:5E:C4:63:25,-90,2016,1,26,7,56,33
68:9E:19:11:A6:DB,-94,2016,1,26,7,56,33
F4:B8:5E:DC:A9:F8,-96,2016,1,26,7,56,33
74:DA:EA:A8:9D:0F,-90,2016,1,26,7,57,4
F4:B8:5E:C4:8F:EE,-92,2016,1,26,7,57,4
F4:B8:5E:C4:5F:BE,-88,2016,1,26,7,57,4
F4:B8:5E:C4:63:25,-88,2016,1,26,7,57,4
68:9E:19:11:A6:DB,-91,2016,1,26,7,57,4
F4:B8:5E:DC:A9:F8,-93,2016,1,26,7,57,4
74:DA:EA:A8:9D:0F,-89,2016,1,26,7,57,35
F4:B8:5E:C4:8F:EE,-93,2016,1,26,7,57,35
F4:B8:5E:C4:5F:BE,-85,2016,1,26,7,57,35
F4:B8:5E:C4:63:25,-79,2016,1,26,7,57,35
68:9E:19:11:A6:DB,-80,2016,1,26,7,57,35
F4:B8:5E:DC:A9:F8,-90,2016,1,26,7,57,35
74:DA:EA:A8:9D:0F,-86,2016,1,26,7,58,6
F4:B8:5E:C4:8F:EE,-91,2016,1,26,7,58,6
F4:B8:5E:C4:5F:BE,-89,2016,1,26,7,58,6
F4:B8:5E:C4:63:25,-83,2016,1,26,7,58,6
68:9E:19:11:A6:DB,-82,2016,1,26,7,58,6
F4:B8:5E:DC:A9:F8,-89,2016,1,26,7,58,6
74:DA:EA:A8:9D:0F,-90,2016,1,26,7,58,37
F4:B8:5E:C4:8F:EE,-95,2016,1,26,7,58,37
F4:B8:5E:C4:5F:BE,-90,2016,1,26,7,58,37
F4:B8:5E:C4:63:25,-81,2016,1,26,7,58,37
68:9E:19:11:A6:DB,-84,2016,1,26,7,58,37
F4:B8:5E:DC:A9:F8,-92,2016,1,26,7,58,37
74:DA:EA:A8:9D:0F,-93,2016,1,26,7,59,8
F4:B8:5E:C4:8F:EE,-90,2016,1,26,7,59,8
F4:B8:5E:C4:5F:BE,-87,2016,1,26,7,59,8
F4:B8:5E:C4:63:25,-86,2016,1,26,7,59,8
68:9E:19:11:A6:DB,-81,2016,1,26,7,59,8
F4:B8:5E:DC:A9:F8,-88,2016,1,26,7,59,8
F4:B8:5E:C4:8F:EE,-94,2016,1,26,7,59,38
F4:B8:5E:C4:63:25,-93,2016,1,26,7,59,38
F4:B8:5E:C4:5F:BE,-96,2016,1,26,7,59,38
F4:B8:5E:DC:A9:F8,-91,2016,1,26,7,59,38
68:9E:19:11:A6:DB,-87,2016,1,26,7,59,38
F4:B8:5E:C4:8F:EE,-93,2016,1,26,8,0,8
F4:B8:5E:C4:63:25,-87,2016,1,26,8,0,8
74:DA:EA:A8:9D:0F,-93,2016,1,26,8,0,8
F4:B8:5E:C4:5F:BE,-93,2016,1,26,8,0,8
68:9E:19:11:A6:DB,-84,2016,1,26,8,0,8
74:DA:EA:A8:9D:0F,-97,2016,1,26,8,0,38
F4:B8:5E:C4:8F:EE,-89,2016,1,26,8,0,38
F4:B8:5E:C4:5F:BE,-85,2016,1,26,8,0,38
F4:B8:5E:C4:63:25,-89,2016,1,26,8,0,38
68:9E:19:11:A6:DB,-88,2016,1,26,8,0,38
F4:B8:5E:DC:A9:F8,-91,2016,1,26,8,0,38
74:DA:EA:A8:9D:0F,-92,2016,1,26,8,2,35
F4:B8:5E:C4:8F:EE,-91,2016,1,26,8,2,35
F4:B8:5E:C4:5F:BE,-83,2016,1,26,8,2,35
F4:B8:5E:C4:63:25,-84,2016,1,26,8,2,35
68:9E:19:11:A6:DB,-85,2016,1,26,8,2,35
F4:B8:5E:DC:A9:F8,-90,2016,1,26,8,2,35
74:DA:EA:A8:9D:0F,-94,2016,1,26,8,3,5
F4:B8:5E:C4:8F:EE,-95,2016,1,26,8,3,5
F4:B8:5E:C4:5F:BE,-81,2016,1,26,8,3,5
F4:B8:5E:C4:63:25,-82,2016,1,26,8,3,5
68:9E:19:11:A6:DB,-82,2016,1,26,8,3,5
F4:B8:5E:DC:A9:F8,-89,2016,1,26,8,3,5
74:DA:EA:A8:9D:0F,-90,2016,1,26,8,3,35
F4:B8:5E:C4:8F:EE,-93,2016,1,26,8,3,35
F4:B8:5E:C4:5F:BE,-94,2016,1,26,8,3,35
F4:B8:5E:C4:63:25,-87,2016,1,26,8,3,35
68:9E:19:11:A6:DB,-79,2016,1,26,8,3,35
F4:B8:5E:DC:A9:F8,-87,2016,1,26,8,3,35
74:DA:EA:A8:9D:0F,-85,2016,1,26,8,4,5
F4:B8:5E:C4:8F:EE,-83,2016,1,26,8,4,5
F4:B8:5E:C4:5F:BE,-93,2016,1,26,8,4,5
F4:B8:5E:C4:63:25,-81,2016,1,26,8,4,5
68:9E:19:11:A6:DB,-84,2016,1,26,8,4,5
F4:B8:5E:DC:A9:F8,-91,2016,1,26,8,4,5
F4:B8:5E:C4:8F:EE,-94,2016,1,26,8,4,35
F4:B8:5E:C4:63:25,-87,2016,1,26,8,4,35
74:DA:EA:A8:9D:0F,-96,2016,1,26,8,4,35
F4:B8:5E:C4:5F:BE,-95,2016,1,26,8,4,35
68:9E:19:11:A6:DB,-85,2016,1,26,8,4,35
74:DA:EA:A8:9D:0F,-95,2016,1,26,8,5,5
F4:B8:5E:C4:8F:EE,-91,2016,1,26,8,5,5
F4:B8:5E:C4:5F:BE,-93,2016,1,26,8,5,5
F4:B8:5E:C4:63:25,-88,2016,1,26,8,5,5
68:9E:19:11:A6:DB,-86,2016,1,26,8,5,5
F4:B8:5E:DC:A9:F8,-90,2016,1,26,8,5,5
74:DA:EA:A8:9D:0F,-95,2016,1,26,8,5,37
F4:B8:5E:C4:8F:EE,-89,2016,1,26,8,5,37
F4:B8:5E:C4:5F:BE,-92,2016,1,26,8,5,37
F4:B8:5E:C4:63:25,-87,2016,1,26,8,5,37
68:9E:19:11:A6:DB,-86,2016,1,26,8,5,37
F4:B8:5E:DC:A9:F8,-91,2016,1,26,8,5,37
74:DA:EA:A8:9D:0F,-92,2016,1,26,8,6,7
F4:B8:5E:C4:8F:EE,-87,2016,1,26,8,6,7
F4:B8:5E:C4:5F:BE,-92,2016,1,26,8,6,7
F4:B8:5E:C4:63:25,-87,2016,1,26,8,6,7
68:9E:19:11:A6:DB,-87,2016,1,26,8,6,7
F4:B8:5E:DC:A9:F8,-89,2016,1,26,8,6,7
74:DA:EA:A8:9D:0F,-92,2016,1,26,8,6,37
F4:B8:5E:C4:8F:EE,-94,2016,1,26,8,6,37
F4:B8:5E:C4:5F:BE,-96,2016,1,26,8,6,37
F4:B8:5E:C4:63:25,-82,2016,1,26,8,6,37
68:9E:19:11:A6:DB,-84,2016,1,26,8,6,37
F4:B8:5E:DC:A9:F8,-94,2016,1,26,8,6,37
74:DA:EA:A8:9D:0F,-92,2016,1,26,8,7,7
F4:B8:5E:C4:8F:EE,-92,2016,1,26,8,7,7
F4:B8:5E:C4:5F:BE,-92,2016,1,26,8,7,7
F4:B8:5E:C4:63:25,-88,2016,1,26,8,7,7
68:9E:19:11:A6:DB,-85,2016,1,26,8,7,7
F4:B8:5E:DC:A9:F8,-90,2016,1,26,8,7,7
74:DA:EA:A8:9D:0F,-95,2016,1,26,8,7,37
F4:B8:5E:C4:8F:EE,-91,2016,1,26,8,7,37
F4:B8:5E:C4:5F:BE,-91,2016,1,26,8,7,37
F4:B8:5E:C4:63:25,-85,2016,1,26,8,7,37
68:9E:19:11:A6:DB,-84,2016,1,26,8,7,37
F4:B8:5E:DC:A9:F8,-92,2016,1,26,8,7,37
74:DA:EA:A8:9D:0F,-92,2016,1,26,8,8,8
F4:B8:5E:C4:8F:EE,-91,2016,1,26,8,8,8
F4:B8:5E:C4:5F:BE,-93,2016,1,26,8,8,8
F4:B8:5E:C4:63:25,-87,2016,1,26,8,8,8
68:9E:19:11:A6:DB,-80,2016,1,26,8,8,8
F4:B8:5E:DC:A9:F8,-92,2016,1,26,8,8,8
74:DA:EA:A8:9D:0F,-88,2016,1,26,8,8,39
F4:B8:5E:C4:8F:EE,-95,2016,1,26,8,8,39
F4:B8:5E:C4:5F:BE,-92,2016,1,26,8,8,39
F4:B8:5E:C4:63:25,-83,2016,1,26,8,8,39
68:9E:19:11:A6:DB,-74,2016,1,26,8,8,39
F4:B8:5E:DC:A9:F8,-88,2016,1,26,8,8,39
74:DA:EA:A8:9D:0F,-93,2016,1,26,8,9,10
F4:B8:5E:C4:8F:EE,-91,2016,1,26,8,9,10
F4:B8:5E:C4:5F:BE,-92,2016,1,26,8,9,10
F4:B8:5E:C4:63:25,-88,2016,1,26,8,9,10
68:9E:19:11:A6:DB,-88,2016,1,26,8,9,10
F4:B8:5E:DC:A9:F8,-89,2016,1,26,8,9,10
74:DA:EA:A8:9D:0F,-94,2016,1,26,8,9,41
F4:B8:5E:C4:8F:EE,-92,2016,1,26,8,9,41
F4:B8:5E:C4:5F:BE,-92,2016,1,26,8,9,41
F4:B8:5E:C4:63:25,-88,2016,1,26,8,9,41
68:9E:19:11:A6:DB,-78,2016,1,26,8,9,41
F4:B8:5E:DC:A9:F8,-96,2016,1,26,8,9,41
74:DA:EA:A8:9D:0F,-91,2016,1,26,8,10,11
F4:B8:5E:C4:8F:EE,-91,2016,1,26,8,10,11
F4:B8:5E:C4:5F:BE,-94,2016,1,26,8,10,11
F4:B8:5E:C4:63:25,-79,2016,1,26,8,10,11
68:9E:19:11:A6:DB,-91,2016,1,26,8,10,11
F4:B8:5E:DC:A9:F8,-93,2016,1,26,8,10,11
74:DA:EA:A8:9D:0F,-93,2016,1,26,8,10,41
F4:B8:5E:C4:8F:EE,-90,2016,1,26,8,10,41
F4:B8:5E:C4:5F:BE,-88,2016,1,26,8,10,41
F4:B8:5E:C4:63:25,-88,2016,1,26,8,10,41
68:9E:19:11:A6:DB,-90,2016,1,26,8,10,41
F4:B8:5E:DC:A9:F8,-93,2016,1,26,8,10,41
74:DA:EA:A8:9D:0F,-89,2016,1,26,8,11,11
F4:B8:5E:C4:8F:EE,-90,2016,1,26,8,11,11
F4:B8:5E:C4:5F:BE,-92,2016,1,26,8,11,11
F4:B8:5E:C4:63:25,-81,2016,1,26,8,11,11
68:9E:19:11:A6:DB,-82,2016,1,26,8,11,11
F4:B8:5E:DC:A9:F8,-92,2016,1,26,8,11,11
74:DA:EA:A8:9D:0F,-88,2016,1,26,8,11,41
F4:B8:5E:C4:8F:EE,-94,2016,1,26,8,11,41
F4:B8:5E:C4:5F:BE,-91,2016,1,26,8,11,41
F4:B8:5E:C4:63:25,-85,2016,1,26,8,11,41
68:9E:19:11:A6:DB,-85,2016,1,26,8,11,41
F4:B8:5E:DC:A9:F8,-96,2016,1,26,8,11,41
74:DA:EA:A8:9D:0F,-91,2016,1,26,8,12,11
F4:B8:5E:C4:8F:EE,-96,2016,1,26,8,12,11
F4:B8:5E:C4:5F:BE,-93,2016,1,26,8,12,11
F4:B8:5E:C4:63:25,-79,2016,1,26,8,12,11
68:9E:19:11:A6:DB,-80,2016,1,26,8,12,11
F4:B8:5E:DC:A9:F8,-96,2016,1,26,8,12,11
74:DA:EA:A8:9D:0F,-88,2016,1,26,8,12,41
F4:B8:5E:C4:8F:EE,-92,2016,1,26,8,12,41
F4:B8:5E:C4:5F:BE,-94,2016,1,26,8,12,41
F4:B8:5E:C4:63:25,-79,2016,1,26,8,12,41
68:9E:19:11:A6:DB,-84,2016,1,26,8,12,41
F4:B8:5E:DC:A9:F8,-94,2016,1,26,8,12,41
74:DA:EA:A8:9D:0F,-89,2016,1,26,8,13,11
F4:B8:5E:C4:8F:EE,-96,2016,1,26,8,13,11
F4:B8:5E:C4:5F:BE,-92,2016,1,26,8,13,11
F4:B8:5E:C4:63:25,-79,2016,1,26,8,13,11
68:9E:19:11:A6:DB,-83,2016,1,26,8,13,11
F4:B8:5E:DC:A9:F8,-95,2016,1,26,8,13,11
74:DA:EA:A8:9D:0F,-85,2016,1,26,8,13,41
F4:B8:5E:C4:8F:EE,-94,2016,1,26,8,13,41
F4:B8:5E:C4:5F:BE,-96,2016,1,26,8,13,41
F4:B8:5E:C4:63:25,-84,2016,1,26,8,13,41
68:9E:19:11:A6:DB,-83,2016,1,26,8,13,41
F4:B8:5E:DC:A9:F8,-93,2016,1,26,8,13,41
74:DA:EA:A8:9D:0F,-95,2016,1,26,8,14,12
F4:B8:5E:C4:8F:EE,-90,2016,1,26,8,14,12
F4:B8:5E:C4:5F:BE,-95,2016,1,26,8,14,12
F4:B8:5E:C4:63:25,-90,2016,1,26,8,14,12
68:9E:19:11:A6:DB,-79,2016,1,26,8,14,12
F4:B8:5E:DC:A9:F8,-89,2016,1,26,8,14,12
74:DA:EA:A8:9D:0F,-89,2016,1,26,8,14,43
F4:B8:5E:C4:8F:EE,-91,2016,1,26,8,14,43
F4:B8:5E:C4:5F:BE,-96,2016,1,26,8,14,43
F4:B8:5E:C4:63:25,-84,2016,1,26,8,14,43
68:9E:19:11:A6:DB,-80,2016,1,26,8,14,43
F4:B8:5E:DC:A9:F8,-94,2016,1,26,8,14,43
74:DA:EA:A8:9D:0F,-87,2016,1,26,8,15,14
F4:B8:5E:C4:8F:EE,-91,2016,1,26,8,15,14
F4:B8:5E:C4:5F:BE,-92,2016,1,26,8,15,14
F4:B8:5E:C4:63:25,-79,2016,1,26,8,15,14
68:9E:19:11:A6:DB,-84,2016,1,26,8,15,14
F4:B8:5E:DC:A9:F8,-89,2016,1,26,8,15,14
74:DA:EA:A8:9D:0F,-88,2016,1,26,8,15,45
F4:B8:5E:C4:8F:EE,-88,2016,1,26,8,15,45
F4:B8:5E:C4:5F:BE,-92,2016,1,26,8,15,45
F4:B8:5E:C4:63:25,-82,2016,1,26,8,15,45
68:9E:19:11:A6:DB,-80,2016,1,26,8,15,45
F4:B8:5E:DC:A9:F8,-87,2016,1,26,8,15,45
74:DA:EA:A8:9D:0F,-83,2016,1,26,8,16,15
F4:B8:5E:C4:8F:EE,-90,2016,1,26,8,16,15
F4:B8:5E:C4:5F:BE,-90,2016,1,26,8,16,15
F4:B8:5E:C4:63:25,-91,2016,1,26,8,16,15
68:9E:19:11:A6:DB,-80,2016,1,26,8,16,15
F4:B8:5E:DC:A9:F8,-88,2016,1,26,8,16,15
74:DA:EA:A8:9D:0F,-89,2016,1,26,8,16,46
F4:B8:5E:C4:8F:EE,-90,2016,1,26,8,16,46
F4:B8:5E:C4:5F:BE,-93,2016,1,26,8,16,46
F4:B8:5E:C4:63:25,-92,2016,1,26,8,16,46
68:9E:19:11:A6:DB,-92,2016,1,26,8,16,46
F4:B8:5E:DC:A9:F8,-88,2016,1,26,8,16,46
74:DA:EA:A8:9D:0F,-87,2016,1,26,8,17,17
F4:B8:5E:C4:8F:EE,-93,2016,1,26,8,17,17
F4:B8:5E:C4:5F:BE,-95,2016,1,26,8,17,17
F4:B8:5E:C4:63:25,-79,2016,1,26,8,17,17
68:9E:19:11:A6:DB,-83,2016,1,26,8,17,17
F4:B8:5E:DC:A9:F8,-93,2016,1,26,8,17,17
F4:B8:5E:C4:63:25,-86,2016,1,26,8,17,48
F4:B8:5E:C4:8F:EE,-80,2016,1,26,8,17,48
F4:B8:5E:DC:A9:F8,-94,2016,1,26,8,17,48
68:9E:19:11:A6:DB,-86,2016,1,26,8,17,48
74:DA:EA:A8:9D:0F,-75,2016,1,26,8,21,49
F4:B8:5E:C4:8F:EE,-86,2016,1,26,8,21,49
F4:B8:5E:C4:5F:BE,-81,2016,1,26,8,21,49
F4:B8:5E:C4:63:25,-93,2016,1,26,8,21,49
68:9E:19:11:A6:DB,-90,2016,1,26,8,21,49
F4:B8:5E:DC:A9:F8,-95,2016,1,26,8,21,49
74:DA:EA:A8:9D:0F,-81,2016,1,26,8,22,19
F4:B8:5E:C4:8F:EE,-73,2016,1,26,8,22,19
F4:B8:5E:C4:5F:BE,-92,2016,1,26,8,22,19
F4:B8:5E:C4:63:25,-78,2016,1,26,8,22,19
68:9E:19:11:A6:DB,-90,2016,1,26,8,22,19
F4:B8:5E:DC:A9:F8,-73,2016,1,26,8,22,19
74:DA:EA:A8:9D:0F,-81,2016,1,26,8,22,50
F4:B8:5E:C4:8F:EE,-80,2016,1,26,8,22,50
F4:B8:5E:C4:5F:BE,-92,2016,1,26,8,22,50
F4:B8:5E:C4:63:25,-77,2016,1,26,8,22,50
68:9E:19:11:A6:DB,-89,2016,1,26,8,22,50
F4:B8:5E:DC:A9:F8,-76,2016,1,26,8,22,50
74:DA:EA:A8:9D:0F,-79,2016,1,26,8,23,20
F4:B8:5E:C4:8F:EE,-76,2016,1,26,8,23,20
F4:B8:5E:C4:5F:BE,-95,2016,1,26,8,23,20
F4:B8:5E:C4:63:25,-66,2016,1,26,8,23,20
68:9E:19:11:A6:DB,-79,2016,1,26,8,23,20
F4:B8:5E:DC:A9:F8,-74,2016,1,26,8,23,20
74:DA:EA:A8:9D:0F,-79,2016,1,26,8,23,51
F4:B8:5E:C4:8F:EE,-69,2016,1,26,8,23,51
F4:B8:5E:C4:5F:BE,-86,2016,1,26,8,23,51
F4:B8:5E:C4:63:25,-66,2016,1,26,8,23,51
68:9E:19:11:A6:DB,-73,2016,1,26,8,23,51
F4:B8:5E:DC:A9:F8,-72,2016,1,26,8,23,51
74:DA:EA:A8:9D:0F,-76,2016,1,26,8,24,21
F4:B8:5E:C4:8F:EE,-76,2016,1,26,8,24,21
F4:B8:5E:C4:5F:BE,-91,2016,1,26,8,24,21
F4:B8:5E:C4:63:25,-76,2016,1,26,8,24,21
68:9E:19:11:A6:DB,-78,2016,1,26,8,24,21
F4:B8:5E:DC:A9:F8,-69,2016,1,26,8,24,21
74:DA:EA:A8:9D:0F,-80,2016,1,26,8,24,52
F4:B8:5E:C4:8F:EE,-86,2016,1,26,8,24,52
F4:B8:5E:C4:5F:BE,-95,2016,1,26,8,24,52
F4:B8:5E:C4:63:25,-83,2016,1,26,8,24,52
68:9E:19:11:A6:DB,-92,2016,1,26,8,24,52
F4:B8:5E:DC:A9:F8,-79,2016,1,26,8,24,52
74:DA:EA:A8:9D:0F,-81,2016,1,26,8,25,23
F4:B8:5E:C4:8F:EE,-82,2016,1,26,8,25,23
F4:B8:5E:C4:5F:BE,-92,2016,1,26,8,25,23
F4:B8:5E:C4:63:25,-78,2016,1,26,8,25,23
68:9E:19:11:A6:DB,-80,2016,1,26,8,25,23
F4:B8:5E:DC:A9:F8,-77,2016,1,26,8,25,23
74:DA:EA:A8:9D:0F,-85,2016,1,26,8,25,53
F4:B8:5E:C4:8F:EE,-88,2016,1,26,8,25,53
F4:B8:5E:C4:5F:BE,-92,2016,1,26,8,25,53
F4:B8:5E:C4:63:25,-78,2016,1,26,8,25,53
68:9E:19:11:A6:DB,-86,2016,1,26,8,25,53
F4:B8:5E:DC:A9:F8,-84,2016,1,26,8,25,53
74:DA:EA:A8:9D:0F,-80,2016,1,26,8,26,24
F4:B8:5E:C4:8F:EE,-77,2016,1,26,8,26,24
F4:B8:5E:C4:5F:BE,-96,2016,1,26,8,26,24
F4:B8:5E:C4:63:25,-82,2016,1,26,8,26,24
68:9E:19:11:A6:DB,-79,2016,1,26,8,26,24
F4:B8:5E:DC:A9:F8,-80,2016,1,26,8,26,24
74:DA:EA:A8:9D:0F,-81,2016,1,26,8,26,55
F4:B8:5E:C4:8F:EE,-88,2016,1,26,8,26,55
F4:B8:5E:C4:5F:BE,-95,2016,1,26,8,26,55
F4:B8:5E:C4:63:25,-77,2016,1,26,8,26,55
68:9E:19:11:A6:DB,-81,2016,1,26,8,26,55
F4:B8:5E:DC:A9:F8,-79,2016,1,26,8,26,55
74:DA:EA:A8:9D:0F,-80,2016,1,26,8,27,26
F4:B8:5E:C4:8F:EE,-84,2016,1,26,8,27,26
F4:B8:5E:C4:5F:BE,-92,2016,1,26,8,27,26
F4:B8:5E:C4:63:25,-75,2016,1,26,8,27,26
68:9E:19:11:A6:DB,-82,2016,1,26,8,27,26
F4:B8:5E:DC:A9:F8,-87,2016,1,26,8,27,26
74:DA:EA:A8:9D:0F,-87,2016,1,26,8,27,56
F4:B8:5E:C4:8F:EE,-84,2016,1,26,8,27,56
F4:B8:5E:C4:5F:BE,-96,2016,1,26,8,27,56
F4:B8:5E:C4:63:25,-82,2016,1,26,8,27,56
68:9E:19:11:A6:DB,-79,2016,1,26,8,27,56
F4:B8:5E:DC:A9:F8,-87,2016,1,26,8,27,56
74:DA:EA:A8:9D:0F,-86,2016,1,26,8,28,27
F4:B8:5E:C4:8F:EE,-88,2016,1,26,8,28,27
F4:B8:5E:C4:5F:BE,-94,2016,1,26,8,28,27
F4:B8:5E:C4:63:25,-82,2016,1,26,8,28,27
68:9E:19:11:A6:DB,-85,2016,1,26,8,28,27
F4:B8:5E:DC:A9:F8,-79,2016,1,26,8,28,27
74:DA:EA:A8:9D:0F,-81,2016,1,26,8,28,57
F4:B8:5E:C4:8F:EE,-89,2016,1,26,8,28,57
F4:B8:5E:C4:5F:BE,-81,2016,1,26,8,28,57
F4:B8:5E:C4:63:25,-76,2016,1,26,8,28,57
68:9E:19:11:A6:DB,-82,2016,1,26,8,28,57
F4:B8:5E:DC:A9:F8,-81,2016,1,26,8,28,57
74:DA:EA:A8:9D:0F,-86,2016,1,26,8,29,27
F4:B8:5E:C4:8F:EE,-81,2016,1,26,8,29,27
F4:B8:5E:C4:5F:BE,-94,2016,1,26,8,29,27
F4:B8:5E:C4:63:25,-82,2016,1,26,8,29,27
68:9E:19:11:A6:DB,-81,2016,1,26,8,29,27
F4:B8:5E:DC:A9:F8,-86,2016,1,26,8,29,27
74:DA:EA:A8:9D:0F,-77,2016,1,26,8,29,58
F4:B8:5E:C4:8F:EE,-75,2016,1,26,8,29,58
F4:B8:5E:C4:5F:BE,-82,2016,1,26,8,29,58
F4:B8:5E:C4:63:25,-74,2016,1,26,8,29,58
68:9E:19:11:A6:DB,-71,2016,1,26,8,29,58
F4:B8:5E:DC:A9:F8,-79,2016,1,26,8,29,58
74:DA:EA:A8:9D:0F,-79,2016,1,26,8,30,28
F4:B8:5E:C4:8F:EE,-77,2016,1,26,8,30,28
F4:B8:5E:C4:5F:BE,-89,2016,1,26,8,30,28
F4:B8:5E:C4:63:25,-66,2016,1,26,8,30,28
68:9E:19:11:A6:DB,-78,2016,1,26,8,30,28
F4:B8:5E:DC:A9:F8,-89,2016,1,26,8,30,28
74:DA:EA:A8:9D:0F,-83,2016,1,26,8,31,0
F4:B8:5E:C4:8F:EE,-89,2016,1,26,8,31,0
F4:B8:5E:C4:5F:BE,-85,2016,1,26,8,31,0
F4:B8:5E:C4:63:25,-79,2016,1,26,8,31,0
68:9E:19:11:A6:DB,-71,2016,1,26,8,31,0
F4:B8:5E:DC:A9:F8,-74,2016,1,26,8,31,0
74:DA:EA:A8:9D:0F,-87,2016,1,26,8,31,31
F4:B8:5E:C4:8F:EE,-78,2016,1,26,8,31,31
F4:B8:5E:C4:5F:BE,-83,2016,1,26,8,31,31
F4:B8:5E:C4:63:25,-82,2016,1,26,8,31,31
68:9E:19:11:A6:DB,-81,2016,1,26,8,31,31
F4:B8:5E:DC:A9:F8,-83,2016,1,26,8,31,31
74:DA:EA:A8:9D:0F,-82,2016,1,26,8,32,2
F4:B8:5E:C4:8F:EE,-76,2016,1,26,8,32,2
F4:B8:5E:C4:5F:BE,-89,2016,1,26,8,32,2
F4:B8:5E:C4:63:25,-82,2016,1,26,8,32,2
68:9E:19:11:A6:DB,-81,2016,1,26,8,32,2
F4:B8:5E:DC:A9:F8,-79,2016,1,26,8,32,2
74:DA:EA:A8:9D:0F,-89,2016,1,26,8,32,33
F4:B8:5E:C4:8F:EE,-77,2016,1,26,8,32,33
F4:B8:5E:C4:5F:BE,-83,2016,1,26,8,32,33
F4:B8:5E:C4:63:25,-79,2016,1,26,8,32,33
68:9E:19:11:A6:DB,-89,2016,1,26,8,32,33
F4:B8:5E:DC:A9:F8,-84,2016,1,26,8,32,33
74:DA:EA:A8:9D:0F,-85,2016,1,26,8,33,3
F4:B8:5E:C4:8F:EE,-80,2016,1,26,8,33,3
F4:B8:5E:C4:5F:BE,-91,2016,1,26,8,33,3
F4:B8:5E:C4:63:25,-76,2016,1,26,8,33,3
68:9E:19:11:A6:DB,-88,2016,1,26,8,33,3
F4:B8:5E:DC:A9:F8,-84,2016,1,26,8,33,3
74:DA:EA:A8:9D:0F,-85,2016,1,26,8,33,34
F4:B8:5E:C4:8F:EE,-81,2016,1,26,8,33,34
F4:B8:5E:C4:5F:BE,-79,2016,1,26,8,33,34
F4:B8:5E:C4:63:25,-79,2016,1,26,8,33,34
68:9E:19:11:A6:DB,-78,2016,1,26,8,33,34
F4:B8:5E:DC:A9:F8,-83,2016,1,26,8,33,34
74:DA:EA:A8:9D:0F,-86,2016,1,26,8,34,5
F4:B8:5E:C4:8F:EE,-84,2016,1,26,8,34,5
F4:B8:5E:C4:5F:BE,-83,2016,1,26,8,34,5
F4:B8:5E:C4:63:25,-80,2016,1,26,8,34,5
68:9E:19:11:A6:DB,-75,2016,1,26,8,34,5
F4:B8:5E:DC:A9:F8,-93,2016,1,26,8,34,5
74:DA:EA:A8:9D:0F,-85,2016,1,26,8,34,35
F4:B8:5E:C4:8F:EE,-83,2016,1,26,8,34,35
F4:B8:5E:C4:5F:BE,-78,2016,1,26,8,34,35
F4:B8:5E:C4:63:25,-75,2016,1,26,8,34,35
68:9E:19:11:A6:DB,-71,2016,1,26,8,34,35
F4:B8:5E:DC:A9:F8,-94,2016,1,26,8,34,35
74:DA:EA:A8:9D:0F,-89,2016,1,26,8,35,5
F4:B8:5E:C4:8F:EE,-88,2016,1,26,8,35,5
F4:B8:5E:C4:5F:BE,-83,2016,1,26,8,35,5
F4:B8:5E:C4:63:25,-94,2016,1,26,8,35,5
68:9E:19:11:A6:DB,-89,2016,1,26,8,35,5
F4:B8:5E:DC:A9:F8,-89,2016,1,26,8,35,5
74:DA:EA:A8:9D:0F,-68,2016,1,26,8,35,35
F4:B8:5E:C4:8F:EE,-68,2016,1,26,8,35,35
F4:B8:5E:C4:5F:BE,-84,2016,1,26,8,35,35
F4:B8:5E:C4:63:25,-77,2016,1,26,8,35,35
68:9E:19:11:A6:DB,-71,2016,1,26,8,35,35
F4:B8:5E:DC:A9:F8,-77,2016,1,26,8,35,35
74:DA:EA:A8:9D:0F,-68,2016,1,26,8,36,6
F4:B8:5E:C4:8F:EE,-69,2016,1,26,8,36,6
F4:B8:5E:C4:5F:BE,-85,2016,1,26,8,36,6
F4:B8:5E:C4:63:25,-68,2016,1,26,8,36,6
68:9E:19:11:A6:DB,-68,2016,1,26,8,36,6
F4:B8:5E:DC:A9:F8,-68,2016,1,26,8,36,6
74:DA:EA:A8:9D:0F,-93,2016,1,26,8,36,37
F4:B8:5E:C4:8F:EE,-88,2016,1,26,8,36,37
F4:B8:5E:C4:5F:BE,-79,2016,1,26,8,36,37
F4:B8:5E:C4:63:25,-94,2016,1,26,8,36,37
68:9E:19:11:A6:DB,-92,2016,1,26,8,36,37
F4:B8:5E:DC:A9:F8,-78,2016,1,26,8,36,37
74:DA:EA:A8:9D:0F,-90,2016,1,26,8,37,8
F4:B8:5E:C4:8F:EE,-83,2016,1,26,8,37,8
F4:B8:5E:C4:5F:BE,-82,2016,1,26,8,37,8
F4:B8:5E:C4:63:25,-86,2016,1,26,8,37,8
68:9E:19:11:A6:DB,-94,2016,1,26,8,37,8
F4:B8:5E:DC:A9:F8,-83,2016,1,26,8,37,8
74:DA:EA:A8:9D:0F,-97,2016,1,26,8,37,39
F4:B8:5E:C4:8F:EE,-87,2016,1,26,8,37,39
F4:B8:5E:C4:5F:BE,-84,2016,1,26,8,37,39
F4:B8:5E:C4:63:25,-89,2016,1,26,8,37,39
68:9E:19:11:A6:DB,-98,2016,1,26,8,37,39
F4:B8:5E:DC:A9:F8,-87,2016,1,26,8,37,39
74:DA:EA:A8:9D:0F,-94,2016,1,26,8,38,10
F4:B8:5E:C4:8F:EE,-93,2016,1,26,8,38,10
F4:B8:5E:C4:5F:BE,-83,2016,1,26,8,38,10
F4:B8:5E:C4:63:25,-95,2016,1,26,8,38,10
68:9E:19:11:A6:DB,-93,2016,1,26,8,38,10
F4:B8:5E:DC:A9:F8,-93,2016,1,26,8,38,10
74:DA:EA:A8:9D:0F,-88,2016,1,26,8,38,40
F4:B8:5E:C4:8F:EE,-96,2016,1,26,8,38,40
F4:B8:5E:C4:5F:BE,-82,2016,1,26,8,38,40
F4:B8:5E:C4:63:25,-83,2016,1,26,8,38,40
68:9E:19:11:A6:DB,-80,2016,1,26,8,38,40
F4:B8:5E:DC:A9:F8,-83,2016,1,26,8,38,40
74:DA:EA:A8:9D:0F,-72,2016,1,26,8,39,10
F4:B8:5E:C4:8F:EE,-92,2016,1,26,8,39,10
F4:B8:5E:C4:5F:BE,-84,2016,1,26,8,39,10
F4:B8:5E:C4:63:25,-85,2016,1,26,8,39,10
68:9E:19:11:A6:DB,-88,2016,1,26,8,39,10
F4:B8:5E:DC:A9:F8,-68,2016,1,26,8,39,10
74:DA:EA:A8:9D:0F,-93,2016,1,26,8,39,40
F4:B8:5E:C4:8F:EE,-87,2016,1,26,8,39,40
F4:B8:5E:C4:5F:BE,-79,2016,1,26,8,39,40
F4:B8:5E:C4:63:25,-87,2016,1,26,8,39,40
68:9E:19:11:A6:DB,-92,2016,1,26,8,39,40
F4:B8:5E:DC:A9:F8,-91,2016,1,26,8,39,40
74:DA:EA:A8:9D:0F,-91,2016,1,26,8,40,10
F4:B8:5E:C4:8F:EE,-84,2016,1,26,8,40,10
F4:B8:5E:C4:5F:BE,-93,2016,1,26,8,40,10
F4:B8:5E:C4:63:25,-77,2016,1,26,8,40,10
68:9E:19:11:A6:DB,-94,2016,1,26,8,40,10
F4:B8:5E:DC:A9:F8,-90,2016,1,26,8,40,10
74:DA:EA:A8:9D:0F,-87,2016,1,26,8,40,40
F4:B8:5E:C4:8F:EE,-82,2016,1,26,8,40,40
F4:B8:5E:C4:5F:BE,-95,2016,1,26,8,40,40
F4:B8:5E:C4:63:25,-89,2016,1,26,8,40,40
68:9E:19:11:A6:DB,-85,2016,1,26,8,40,40
F4:B8:5E:DC:A9:F8,-85,2016,1,26,8,40,40
74:DA:EA:A8:9D:0F,-96,2016,1,26,8,41,10
F4:B8:5E:C4:8F:EE,-97,2016,1,26,8,41,10
F4:B8:5E:C4:5F:BE,-92,2016,1,26,8,41,10
F4:B8:5E:C4:63:25,-85,2016,1,26,8,41,10
68:9E:19:11:A6:DB,-98,2016,1,26,8,41,10
F4:B8:5E:DC:A9:F8,-84,2016,1,26,8,41,10
74:DA:EA:A8:9D:0F,-93,2016,1,26,8,41,41
F4:B8:5E:C4:8F:EE,-88,2016,1,26,8,41,41
F4:B8:5E:C4:5F:BE,-93,2016,1,26,8,41,41
F4:B8:5E:C4:63:25,-88,2016,1,26,8,41,41
68:9E:19:11:A6:DB,-100,2016,1,26,8,41,41
F4:B8:5E:DC:A9:F8,-90,2016,1,26,8,41,41
74:DA:EA:A8:9D:0F,-92,2016,1,26,8,42,12
F4:B8:5E:C4:8F:EE,-95,2016,1,26,8,42,12
F4:B8:5E:C4:5F:BE,-89,2016,1,26,8,42,12
F4:B8:5E:C4:63:25,-81,2016,1,26,8,42,12
68:9E:19:11:A6:DB,-82,2016,1,26,8,42,12
F4:B8:5E:DC:A9:F8,-86,2016,1,26,8,42,12
74:DA:EA:A8:9D:0F,-93,2016,1,26,8,42,43
F4:B8:5E:C4:8F:EE,-83,2016,1,26,8,42,43
F4:B8:5E:C4:5F:BE,-81,2016,1,26,8,42,43
F4:B8:5E:C4:63:25,-88,2016,1,26,8,42,43
68:9E:19:11:A6:DB,-93,2016,1,26,8,42,43
F4:B8:5E:DC:A9:F8,-78,2016,1,26,8,42,43
74:DA:EA:A8:9D:0F,-89,2016,1,26,8,43,14
F4:B8:5E:C4:8F:EE,-90,2016,1,26,8,43,14
F4:B8:5E:C4:5F:BE,-88,2016,1,26,8,43,14
F4:B8:5E:C4:63:25,-90,2016,1,26,8,43,14
68:9E:19:11:A6:DB,-98,2016,1,26,8,43,14
F4:B8:5E:DC:A9:F8,-89,2016,1,26,8,43,14
74:DA:EA:A8:9D:0F,-91,2016,1,26,8,43,45
F4:B8:5E:C4:8F:EE,-82,2016,1,26,8,43,45
F4:B8:5E:C4:5F:BE,-88,2016,1,26,8,43,45
F4:B8:5E:C4:63:25,-78,2016,1,26,8,43,45
68:9E:19:11:A6:DB,-82,2016,1,26,8,43,45
F4:B8:5E:DC:A9:F8,-87,2016,1,26,8,43,45
74:DA:EA:A8:9D:0F,-94,2016,1,26,8,44,16
F4:B8:5E:C4:8F:EE,-85,2016,1,26,8,44,16
F4:B8:5E:C4:5F:BE,-89,2016,1,26,8,44,16
F4:B8:5E:C4:63:25,-87,2016,1,26,8,44,16
68:9E:19:11:A6:DB,-88,2016,1,26,8,44,16
F4:B8:5E:DC:A9:F8,-80,2016,1,26,8,44,16
74:DA:EA:A8:9D:0F,-92,2016,1,26,8,44,46
F4:B8:5E:C4:8F:EE,-86,2016,1,26,8,44,46
F4:B8:5E:C4:5F:BE,-74,2016,1,26,8,44,46
F4:B8:5E:C4:63:25,-91,2016,1,26,8,44,46
68:9E:19:11:A6:DB,-88,2016,1,26,8,44,46
F4:B8:5E:DC:A9:F8,-83,2016,1,26,8,44,46
74:DA:EA:A8:9D:0F,-90,2016,1,26,8,45,16
F4:B8:5E:C4:8F:EE,-90,2016,1,26,8,45,16
F4:B8:5E:C4:5F:BE,-80,2016,1,26,8,45,16
F4:B8:5E:C4:63:25,-87,2016,1,26,8,45,16
68:9E:19:11:A6:DB,-86,2016,1,26,8,45,16
F4:B8:5E:DC:A9:F8,-82,2016,1,26,8,45,16
74:DA:EA:A8:9D:0F,-80,2016,1,26,8,45,46
F4:B8:5E:C4:8F:EE,-76,2016,1,26,8,45,46
F4:B8:5E:C4:5F:BE,-85,2016,1,26,8,45,46
F4:B8:5E:C4:63:25,-87,2016,1,26,8,45,46
68:9E:19:11:A6:DB,-83,2016,1,26,8,45,46
F4:B8:5E:DC:A9:F8,-78,2016,1,26,8,45,46
74:DA:EA:A8:9D:0F,-81,2016,1,26,8,46,16
F4:B8:5E:C4:8F:EE,-73,2016,1,26,8,46,16
F4:B8:5E:C4:5F:BE,-86,2016,1,26,8,46,16
F4:B8:5E:C4:63:25,-82,2016,1,26,8,46,16
68:9E:19:11:A6:DB,-86,2016,1,26,8,46,16
F4:B8:5E:DC:A9:F8,-73,2016,1,26,8,46,16
74:DA:EA:A8:9D:0F,-68,2016,1,26,8,46,46
F4:B8:5E:C4:8F:EE,-73,2016,1,26,8,46,46
F4:B8:5E:C4:5F:BE,-94,2016,1,26,8,46,46
F4:B8:5E:C4:63:25,-68,2016,1,26,8,46,46
68:9E:19:11:A6:DB,-68,2016,1,26,8,46,46
F4:B8:5E:DC:A9:F8,-68,2016,1,26,8,46,46
74:DA:EA:A8:9D:0F,-68,2016,1,26,8,47,17
F4:B8:5E:C4:8F:EE,-68,2016,1,26,8,47,17
F4:B8:5E:C4:5F:BE,-91,2016,1,26,8,47,17
F4:B8:5E:C4:63:25,-68,2016,1,26,8,47,17
68:9E:19:11:A6:DB,-65,2016,1,26,8,47,17
F4:B8:5E:DC:A9:F8,-68,2016,1,26,8,47,17
74:DA:EA:A8:9D:0F,-65,2016,1,26,8,47,48
F4:B8:5E:C4:8F:EE,-70,2016,1,26,8,47,48
F4:B8:5E:C4:5F:BE,-87,2016,1,26,8,47,48
F4:B8:5E:C4:63:25,-68,2016,1,26,8,47,48
68:9E:19:11:A6:DB,-70,2016,1,26,8,47,48
F4:B8:5E:DC:A9:F8,-68,2016,1,26,8,47,48
F4:B8:5E:C4:63:25,-68,2016,1,26,8,48,19
74:DA:EA:A8:9D:0F,-73,2016,1,26,8,48,19
F4:B8:5E:C4:8F:EE,-77,2016,1,26,8,48,19
68:9E:19:11:A6:DB,-73,2016,1,26,8,48,19
F4:B8:5E:DC:A9:F8,-79,2016,1,26,8,48,19
F4:B8:5E:C4:8F:EE,-92,2016,1,26,8,48,49
74:DA:EA:A8:9D:0F,-69,2016,1,26,8,48,49
F4:B8:5E:C4:63:25,-68,2016,1,26,8,48,49
68:9E:19:11:A6:DB,-77,2016,1,26,8,48,49
F4:B8:5E:DC:A9:F8,-71,2016,1,26,8,48,49
F4:B8:5E:C4:63:25,-63,2016,1,26,8,49,20
74:DA:EA:A8:9D:0F,-68,2016,1,26,8,49,20
F4:B8:5E:C4:8F:EE,-75,2016,1,26,8,49,20
F4:B8:5E:DC:A9:F8,-78,2016,1,26,8,49,20
68:9E:19:11:A6:DB,-66,2016,1,26,8,49,20
F4:B8:5E:C4:63:25,-68,2016,1,26,8,49,51
74:DA:EA:A8:9D:0F,-68,2016,1,26,8,49,51
F4:B8:5E:C4:8F:EE,-68,2016,1,26,8,49,51
68:9E:19:11:A6:DB,-69,2016,1,26,8,49,51
F4:B8:5E:DC:A9:F8,-85,2016,1,26,8,49,51
F4:B8:5E:C4:63:25,-77,2016,1,26,8,50,22
74:DA:EA:A8:9D:0F,-69,2016,1,26,8,50,22
F4:B8:5E:C4:8F:EE,-69,2016,1,26,8,50,22
68:9E:19:11:A6:DB,-73,2016,1,26,8,50,22
F4:B8:5E:DC:A9:F8,-73,2016,1,26,8,50,22
F4:B8:5E:C4:8F:EE,-77,2016,1,26,8,50,52
74:DA:EA:A8:9D:0F,-69,2016,1,26,8,50,52
F4:B8:5E:C4:63:25,-68,2016,1,26,8,50,52
68:9E:19:11:A6:DB,-78,2016,1,26,8,50,52
F4:B8:5E:DC:A9:F8,-67,2016,1,26,8,50,52
F4:B8:5E:C4:8F:EE,-74,2016,1,26,8,51,22
74:DA:EA:A8:9D:0F,-68,2016,1,26,8,51,22
F4:B8:5E:C4:63:25,-74,2016,1,26,8,51,22
68:9E:19:11:A6:DB,-67,2016,1,26,8,51,22
F4:B8:5E:DC:A9:F8,-68,2016,1,26,8,51,22
F4:B8:5E:C4:63:25,-72,2016,1,26,8,51,52
74:DA:EA:A8:9D:0F,-75,2016,1,26,8,51,52
F4:B8:5E:C4:8F:EE,-68,2016,1,26,8,51,52
F4:B8:5E:DC:A9:F8,-72,2016,1,26,8,51,52
68:9E:19:11:A6:DB,-70,2016,1,26,8,51,52
F4:B8:5E:C4:63:25,-68,2016,1,26,8,52,23
74:DA:EA:A8:9D:0F,-77,2016,1,26,8,52,23
F4:B8:5E:C4:8F:EE,-81,2016,1,26,8,52,23
F4:B8:5E:DC:A9:F8,-73,2016,1,26,8,52,23
68:9E:19:11:A6:DB,-72,2016,1,26,8,52,23
F4:B8:5E:C4:8F:EE,-74,2016,1,26,8,52,54
74:DA:EA:A8:9D:0F,-63,2016,1,26,8,52,54
F4:B8:5E:C4:63:25,-73,2016,1,26,8,52,54
68:9E:19:11:A6:DB,-73,2016,1,26,8,52,54
F4:B8:5E:DC:A9:F8,-80,2016,1,26,8,52,54
F4:B8:5E:C4:63:25,-75,2016,1,26,8,53,25
74:DA:EA:A8:9D:0F,-65,2016,1,26,8,53,25
F4:B8:5E:C4:8F:EE,-84,2016,1,26,8,53,25
F4:B8:5E:DC:A9:F8,-77,2016,1,26,8,53,25
68:9E:19:11:A6:DB,-76,2016,1,26,8,53,25
F4:B8:5E:C4:8F:EE,-84,2016,1,26,8,53,56
74:DA:EA:A8:9D:0F,-73,2016,1,26,8,53,56
F4:B8:5E:C4:63:25,-68,2016,1,26,8,53,56
F4:B8:5E:DC:A9:F8,-72,2016,1,26,8,53,56
68:9E:19:11:A6:DB,-73,2016,1,26,8,53,56
F4:B8:5E:C4:63:25,-68,2016,1,26,8,54,27
74:DA:EA:A8:9D:0F,-72,2016,1,26,8,54,27
F4:B8:5E:C4:8F:EE,-86,2016,1,26,8,54,27
F4:B8:5E:DC:A9:F8,-78,2016,1,26,8,54,27
68:9E:19:11:A6:DB,-76,2016,1,26,8,54,27
F4:B8:5E:C4:8F:EE,-87,2016,1,26,8,54,57
74:DA:EA:A8:9D:0F,-72,2016,1,26,8,54,57
F4:B8:5E:C4:63:25,-73,2016,1,26,8,54,57
68:9E:19:11:A6:DB,-69,2016,1,26,8,54,57
F4:B8:5E:DC:A9:F8,-74,2016,1,26,8,54,57
F4:B8:5E:C4:8F:EE,-81,2016,1,26,8,55,27
74:DA:EA:A8:9D:0F,-82,2016,1,26,8,55,27
F4:B8:5E:C4:63:25,-68,2016,1,26,8,55,27
F4:B8:5E:DC:A9:F8,-76,2016,1,26,8,55,27
68:9E:19:11:A6:DB,-68,2016,1,26,8,55,27
F4:B8:5E:C4:8F:EE,-76,2016,1,26,8,55,57
74:DA:EA:A8:9D:0F,-78,2016,1,26,8,55,57
F4:B8:5E:C4:63:25,-78,2016,1,26,8,55,57
68:9E:19:11:A6:DB,-68,2016,1,26,8,55,57
F4:B8:5E:DC:A9:F8,-73,2016,1,26,8,55,57
F4:B8:5E:C4:63:25,-72,2016,1,26,8,56,28
74:DA:EA:A8:9D:0F,-84,2016,1,26,8,56,28
F4:B8:5E:C4:8F:EE,-76,2016,1,26,8,56,28
68:9E:19:11:A6:DB,-78,2016,1,26,8,56,28
F4:B8:5E:DC:A9:F8,-77,2016,1,26,8,56,28
F4:B8:5E:C4:8F:EE,-85,2016,1,26,8,56,58
74:DA:EA:A8:9D:0F,-86,2016,1,26,8,56,58
F4:B8:5E:C4:63:25,-90,2016,1,26,8,56,58
F4:B8:5E:DC:A9:F8,-90,2016,1,26,8,56,58
68:9E:19:11:A6:DB,-87,2016,1,26,8,56,58
F4:B8:5E:C4:8F:EE,-88,2016,1,26,8,57,29
74:DA:EA:A8:9D:0F,-95,2016,1,26,8,57,29
F4:B8:5E:C4:63:25,-93,2016,1,26,8,57,29
F4:B8:5E:DC:A9:F8,-87,2016,1,26,8,57,29
68:9E:19:11:A6:DB,-93,2016,1,26,8,57,29
F4:B8:5E:C4:63:25,-91,2016,1,26,8,58,0
74:DA:EA:A8:9D:0F,-90,2016,1,26,8,58,0
F4:B8:5E:C4:8F:EE,-97,2016,1,26,8,58,0
F4:B8:5E:DC:A9:F8,-85,2016,1,26,8,58,0
68:9E:19:11:A6:DB,-95,2016,1,26,8,58,0
F4:B8:5E:C4:63:25,-87,2016,1,26,8,58,31
74:DA:EA:A8:9D:0F,-84,2016,1,26,8,58,31
F4:B8:5E:C4:8F:EE,-84,2016,1,26,8,58,31
68:9E:19:11:A6:DB,-87,2016,1,26,8,58,31
F4:B8:5E:DC:A9:F8,-78,2016,1,26,8,58,31
F4:B8:5E:C4:8F:EE,-100,2016,1,26,8,59,1
74:DA:EA:A8:9D:0F,-90,2016,1,26,8,59,1
F4:B8:5E:C4:63:25,-96,2016,1,26,8,59,1
F4:B8:5E:DC:A9:F8,-95,2016,1,26,8,59,1
68:9E:19:11:A6:DB,-92,2016,1,26,8,59,1
F4:B8:5E:C4:8F:EE,-89,2016,1,26,8,59,32
74:DA:EA:A8:9D:0F,-93,2016,1,26,8,59,32
F4:B8:5E:C4:63:25,-97,2016,1,26,8,59,32
F4:B8:5E:DC:A9:F8,-97,2016,1,26,8,59,32
68:9E:19:11:A6:DB,-94,2016,1,26,8,59,32
F4:B8:5E:C4:8F:EE,-96,2016,1,26,9,0,2
74:DA:EA:A8:9D:0F,-88,2016,1,26,9,0,2
F4:B8:5E:C4:63:25,-87,2016,1,26,9,0,2
68:9E:19:11:A6:DB,-90,2016,1,26,9,0,2
F4:B8:5E:DC:A9:F8,-86,2016,1,26,9,0,2
F4:B8:5E:C4:63:25,-90,2016,1,26,9,7,34
74:DA:EA:A8:9D:0F,-92,2016,1,26,9,7,34
F4:B8:5E:C4:8F:EE,-97,2016,1,26,9,7,34
F4:B8:5E:DC:A9:F8,-87,2016,1,26,9,7,34
68:9E:19:11:A6:DB,-90,2016,1,26,9,7,34
F4:B8:5E:C4:63:25,-95,2016,1,26,9,8,4
74:DA:EA:A8:9D:0F,-94,2016,1,26,9,8,4
F4:B8:5E:C4:8F:EE,-89,2016,1,26,9,8,4
68:9E:19:11:A6:DB,-93,2016,1,26,9,8,4
F4:B8:5E:DC:A9:F8,-87,2016,1,26,9,8,4
68:9E:19:11:A6:DB,-92,2016,1,26,9,8,36
68:9E:19:11:A6:DB,-97,2016,1,26,9,9,6
68:9E:19:11:A6:DB,-89,2016,1,26,9,9,37
68:9E:19:11:A6:DB,-96,2016,1,26,9,10,8
F4:B8:5E:C4:8F:EE,-96,2016,1,26,9,37,43
74:DA:EA:A8:9D:0F,-97,2016,1,26,9,37,43
F4:B8:5E:C4:63:25,-89,2016,1,26,9,37,43
F4:B8:5E:DC:A9:F8,-90,2016,1,26,9,37,43
74:DA:EA:A8:9D:0F,-90,2016,1,26,9,38,13
F4:B8:5E:C4:63:25,-94,2016,1,26,9,38,13
F4:B8:5E:DC:A9:F8,-98,2016,1,26,9,38,13
74:DA:EA:A8:9D:0F,-92,2016,1,26,9,38,44
F4:B8:5E:C4:63:25,-98,2016,1,26,9,38,44
F4:B8:5E:DC:A9:F8,-86,2016,1,26,9,38,44
F4:B8:5E:C4:8F:EE,-97,2016,1,26,9,39,14
74:DA:EA:A8:9D:0F,-93,2016,1,26,9,39,14
F4:B8:5E:C4:63:25,-95,2016,1,26,9,39,14
F4:B8:5E:DC:A9:F8,-90,2016,1,26,9,39,14
74:DA:EA:A8:9D:0F,-91,2016,1,26,9,39,45
F4:B8:5E:C4:63:25,-92,2016,1,26,9,39,45
F4:B8:5E:DC:A9:F8,-85,2016,1,26,9,39,45
F4:B8:5E:C4:8F:EE,-90,2016,1,26,9,40,16
74:DA:EA:A8:9D:0F,-93,2016,1,26,9,40,16
F4:B8:5E:C4:63:25,-93,2016,1,26,9,40,16
F4:B8:5E:DC:A9:F8,-96,2016,1,26,9,40,16
F4:B8:5E:C4:8F:EE,-96,2016,1,26,9,40,46
F4:B8:5E:C4:63:25,-89,2016,1,26,9,40,46
F4:B8:5E:DC:A9:F8,-91,2016,1,26,9,40,46
F4:B8:5E:C4:8F:EE,-92,2016,1,26,9,41,17
74:DA:EA:A8:9D:0F,-91,2016,1,26,9,41,17
F4:B8:5E:C4:63:25,-88,2016,1,26,9,41,17
F4:B8:5E:C4:8F:EE,-88,2016,1,26,9,41,47
F4:B8:5E:C4:63:25,-95,2016,1,26,9,41,47
F4:B8:5E:DC:A9:F8,-88,2016,1,26,9,41,47
F4:B8:5E:C4:63:25,-97,2016,1,26,9,42,18
F4:B8:5E:C4:8F:EE,-91,2016,1,26,9,42,18
F4:B8:5E:DC:A9:F8,-88,2016,1,26,9,42,18
F4:B8:5E:C4:63:25,-96,2016,1,26,9,42,48
F4:B8:5E:C4:8F:EE,-97,2016,1,26,9,42,48
F4:B8:5E:DC:A9:F8,-88,2016,1,26,9,42,48
F4:B8:5E:C4:8F:EE,-92,2016,1,26,9,43,18
F4:B8:5E:C4:63:25,-95,2016,1,26,9,43,18
F4:B8:5E:DC:A9:F8,-91,2016,1,26,9,43,18
F4:B8:5E:C4:8F:EE,-95,2016,1,26,9,43,49
F4:B8:5E:C4:63:25,-93,2016,1,26,9,43,49
F4:B8:5E:DC:A9:F8,-96,2016,1,26,9,43,49
F4:B8:5E:C4:8F:EE,-99,2016,1,26,9,45,20
F4:B8:5E:C4:8F:EE,-94,2016,1,26,9,45,50
F4:B8:5E:C4:8F:EE,-94,2016,1,26,9,46,21
F4:B8:5E:C4:8F:EE,-87,2016,1,26,9,46,51
F4:B8:5E:C4:8F:EE,-90,2016,1,26,9,47,21
F4:B8:5E:C4:8F:EE,-84,2016,1,26,9,47,51
F4:B8:5E:C4:8F:EE,-87,2016,1,26,9,48,22
F4:B8:5E:C4:8F:EE,-93,2016,1,26,9,48,53
F4:B8:5E:C4:8F:EE,-92,2016,1,26,9,49,24
F4:B8:5E:C4:8F:EE,-94,2016,1,26,9,50,25
F4:B8:5E:C4:8F:EE,-94,2016,1,26,9,50,56
F4:B8:5E:C4:8F:EE,-93,2016,1,26,9,51,26
F4:B8:5E:C4:8F:EE,-99,2016,1,26,9,52,27
F4:B8:5E:C4:8F:EE,-99,2016,1,26,9,52,57
F4:B8:5E:C4:8F:EE,-86,2016,1,26,9,53,28
F4:B8:5E:C4:8F:EE,-90,2016,1,26,9,53,59
F4:B8:5E:C4:8F:EE,-89,2016,1,26,9,54,29
F4:B8:5E:C4:8F:EE,-87,2016,1,26,9,55,0
F4:B8:5E:C4:8F:EE,-88,2016,1,26,9,55,31
F4:B8:5E:C4:8F:EE,-94,2016,1,26,9,56,2
F4:B8:5E:C4:8F:EE,-87,2016,1,26,9,56,33
F4:B8:5E:C4:8F:EE,-92,2016,1,26,9,57,3
F4:B8:5E:C4:8F:EE,-91,2016,1,26,9,57,33
F4:B8:5E:C4:8F:EE,-88,2016,1,26,9,58,3
F4:B8:5E:C4:8F:EE,-85,2016,1,26,9,58,34
F4:B8:5E:C4:8F:EE,-90,2016,1,26,9,59,5
F4:B8:5E:C4:8F:EE,-94,2016,1,26,9,59,35
F4:B8:5E:C4:8F:EE,-88,2016,1,26,10,0,6
F4:B8:5E:C4:8F:EE,-92,2016,1,26,10,0,37
F4:B8:5E:C4:8F:EE,-92,2016,1,26,10,1,8
F4:B8:5E:C4:8F:EE,-87,2016,1,26,10,1,38
F4:B8:5E:C4:8F:EE,-96,2016,1,26,10,2,9
F4:B8:5E:C4:63:25,-89,2016,1,26,10,2,39
74:DA:EA:A8:9D:0F,-90,2016,1,26,10,2,39
F4:B8:5E:C4:8F:EE,-83,2016,1,26,10,2,39
F4:B8:5E:DC:A9:F8,-82,2016,1,26,10,2,39
74:DA:EA:A8:9D:0F,-92,2016,1,26,10,3,9
F4:B8:5E:C4:63:25,-96,2016,1,26,10,3,9
F4:B8:5E:DC:A9:F8,-93,2016,1,26,10,3,9
74:DA:EA:A8:9D:0F,-93,2016,1,26,10,3,40
F4:B8:5E:C4:63:25,-93,2016,1,26,10,3,40
F4:B8:5E:DC:A9:F8,-90,2016,1,26,10,3,40
74:DA:EA:A8:9D:0F,-91,2016,1,26,10,4,11
F4:B8:5E:C4:63:25,-92,2016,1,26,10,4,11
F4:B8:5E:DC:A9:F8,-96,2016,1,26,10,4,11
74:DA:EA:A8:9D:0F,-97,2016,1,26,10,4,42
F4:B8:5E:C4:63:25,-88,2016,1,26,10,4,42
F4:B8:5E:DC:A9:F8,-98,2016,1,26,10,4,42
74:DA:EA:A8:9D:0F,-94,2016,1,26,10,5,13
F4:B8:5E:C4:63:25,-90,2016,1,26,10,5,13
F4:B8:5E:DC:A9:F8,-86,2016,1,26,10,5,13
F4:B8:5E:C4:63:25,-95,2016,1,26,10,5,44
F4:B8:5E:DC:A9:F8,-98,2016,1,26,10,5,44
74:DA:EA:A8:9D:0F,-99,2016,1,26,10,6,15
F4:B8:5E:C4:63:25,-95,2016,1,26,10,6,15
F4:B8:5E:DC:A9:F8,-88,2016,1,26,10,6,15
74:DA:EA:A8:9D:0F,-98,2016,1,26,10,6,46
F4:B8:5E:C4:63:25,-91,2016,1,26,10,6,46
F4:B8:5E:DC:A9:F8,-88,2016,1,26,10,6,46
74:DA:EA:A8:9D:0F,-89,2016,1,26,10,7,16
F4:B8:5E:C4:63:25,-92,2016,1,26,10,7,16
F4:B8:5E:DC:A9:F8,-77,2016,1,26,10,7,16
F4:B8:5E:DC:A9:F8,-85,2016,1,26,10,7,47
F4:B8:5E:DC:A9:F8,-82,2016,1,26,10,8,17
F4:B8:5E:DC:A9:F8,-92,2016,1,26,10,8,47
F4:B8:5E:DC:A9:F8,-97,2016,1,26,10,9,18
F4:B8:5E:DC:A9:F8,-96,2016,1,26,10,9,48
F4:B8:5E:DC:A9:F8,-87,2016,1,26,10,10,50
F4:B8:5E:DC:A9:F8,-93,2016,1,26,10,11,21
F4:B8:5E:DC:A9:F8,-93,2016,1,26,10,11,52
F4:B8:5E:DC:A9:F8,-92,2016,1,26,10,12,23
F4:B8:5E:DC:A9:F8,-90,2016,1,26,10,12,53
F4:B8:5E:DC:A9:F8,-96,2016,1,26,10,13,23
F4:B8:5E:DC:A9:F8,-93,2016,1,26,10,13,54
F4:B8:5E:DC:A9:F8,-96,2016,1,26,10,14,24
F4:B8:5E:DC:A9:F8,-92,2016,1,26,10,15,25
F4:B8:5E:DC:A9:F8,-92,2016,1,26,10,15,56
F4:B8:5E:DC:A9:F8,-91,2016,1,26,10,16,26
F4:B8:5E:DC:A9:F8,-88,2016,1,26,10,16,57
F4:B8:5E:DC:A9:F8,-91,2016,1,26,10,17,28
F4:B8:5E:DC:A9:F8,-92,2016,1,26,10,17,58
F4:B8:5E:DC:A9:F8,-96,2016,1,26,10,18,28
F4:B8:5E:DC:A9:F8,-91,2016,1,26,10,19,29
F4:B8:5E:DC:A9:F8,-98,2016,1,26,10,19,59
F4:B8:5E:DC:A9:F8,-92,2016,1,26,10,21,0
F4:B8:5E:DC:A9:F8,-90,2016,1,26,10,21,31
74:DA:EA:A8:9D:0F,-98,2016,1,26,10,23,31
74:DA:EA:A8:9D:0F,-100,2016,1,26,10,30,32
F4:B8:5E:C4:63:25,-95,2016,1,26,10,30,32
74:DA:EA:A8:9D:0F,-90,2016,1,26,10,31,3
F4:B8:5E:C4:63:25,-96,2016,1,26,10,31,3
74:DA:EA:A8:9D:0F,-92,2016,1,26,10,31,34
F4:B8:5E:C4:63:25,-90,2016,1,26,10,31,34
74:DA:EA:A8:9D:0F,-92,2016,1,26,10,32,5
F4:B8:5E:C4:63:25,-92,2016,1,26,10,32,5
F4:B8:5E:C4:63:25,-92,2016,1,26,10,32,36
74:DA:EA:A8:9D:0F,-80,2016,1,26,10,33,7
F4:B8:5E:C4:63:25,-93,2016,1,26,10,33,7
74:DA:EA:A8:9D:0F,-89,2016,1,26,10,33,37
F4:B8:5E:C4:63:25,-87,2016,1,26,10,33,37
74:DA:EA:A8:9D:0F,-92,2016,1,26,10,34,8
F4:B8:5E:C4:63:25,-93,2016,1,26,10,34,8
74:DA:EA:A8:9D:0F,-81,2016,1,26,10,34,39
F4:B8:5E:C4:63:25,-95,2016,1,26,10,34,39
74:DA:EA:A8:9D:0F,-91,2016,1,26,10,35,10
F4:B8:5E:C4:63:25,-96,2016,1,26,10,35,10
74:DA:EA:A8:9D:0F,-95,2016,1,26,10,35,40
F4:B8:5E:C4:63:25,-95,2016,1,26,10,35,40
74:DA:EA:A8:9D:0F,-92,2016,1,26,10,36,40
F4:B8:5E:C4:63:25,-86,2016,1,26,10,36,40
74:DA:EA:A8:9D:0F,-84,2016,1,26,10,37,11
F4:B8:5E:C4:63:25,-84,2016,1,26,10,37,11
74:DA:EA:A8:9D:0F,-92,2016,1,26,10,37,42
F4:B8:5E:C4:63:25,-93,2016,1,26,10,37,42
74:DA:EA:A8:9D:0F,-82,2016,1,26,10,38,13
F4:B8:5E:C4:63:25,-92,2016,1,26,10,38,13
74:DA:EA:A8:9D:0F,-90,2016,1,26,10,38,44
F4:B8:5E:C4:63:25,-95,2016,1,26,10,38,44
74:DA:EA:A8:9D:0F,-90,2016,1,26,10,39,15
F4:B8:5E:C4:63:25,-84,2016,1,26,10,39,15
74:DA:EA:A8:9D:0F,-96,2016,1,26,10,39,46
F4:B8:5E:C4:63:25,-85,2016,1,26,10,39,46
74:DA:EA:A8:9D:0F,-96,2016,1,26,10,40,16
F4:B8:5E:C4:63:25,-92,2016,1,26,10,40,16
74:DA:EA:A8:9D:0F,-92,2016,1,26,10,40,47
F4:B8:5E:C4:63:25,-92,2016,1,26,10,40,47
74:DA:EA:A8:9D:0F,-88,2016,1,26,10,41,17
F4:B8:5E:C4:63:25,-83,2016,1,26,10,41,17
74:DA:EA:A8:9D:0F,-88,2016,1,26,10,41,47
F4:B8:5E:C4:63:25,-84,2016,1,26,10,41,47
74:DA:EA:A8:9D:0F,-89,2016,1,26,10,42,18
F4:B8:5E:C4:63:25,-81,2016,1,26,10,42,18
F4:B8:5E:C4:63:25,-87,2016,1,26,10,42,49
F4:B8:5E:C4:63:25,-90,2016,1,26,10,43,20
F4:B8:5E:C4:63:25,-88,2016,1,26,10,43,50
F4:B8:5E:C4:63:25,-91,2016,1,26,10,44,21
74:DA:EA:A8:9D:0F,-93,2016,1,26,10,44,52
F4:B8:5E:C4:63:25,-91,2016,1,26,10,44,52
74:DA:EA:A8:9D:0F,-91,2016,1,26,10,45,22
F4:B8:5E:C4:63:25,-87,2016,1,26,10,45,22
74:DA:EA:A8:9D:0F,-94,2016,1,26,10,45,52
F4:B8:5E:C4:63:25,-97,2016,1,26,10,45,52
74:DA:EA:A8:9D:0F,-98,2016,1,26,10,46,23
F4:B8:5E:C4:63:25,-89,2016,1,26,10,46,23
F4:B8:5E:C4:63:25,-82,2016,1,26,10,46,53
74:DA:EA:A8:9D:0F,-95,2016,1,26,10,47,23
F4:B8:5E:C4:63:25,-83,2016,1,26,10,47,23
F4:B8:5E:C4:63:25,-83,2016,1,26,10,47,54
F4:B8:5E:C4:63:25,-85,2016,1,26,10,48,25
F4:B8:5E:C4:63:25,-90,2016,1,26,10,48,56
F4:B8:5E:C4:63:25,-94,2016,1,26,10,49,27
F4:B8:5E:C4:63:25,-91,2016,1,26,10,49,58
F4:B8:5E:C4:63:25,-91,2016,1,26,10,50,29
F4:B8:5E:C4:63:25,-89,2016,1,26,10,50,59
F4:B8:5E:C4:63:25,-97,2016,1,26,10,51,29
F4:B8:5E:C4:63:25,-82,2016,1,26,10,51,59
F4:B8:5E:C4:63:25,-94,2016,1,26,10,52,30
F4:B8:5E:C4:63:25,-90,2016,1,26,10,53,1
F4:B8:5E:C4:63:25,-96,2016,1,26,10,53,32
F4:B8:5E:C4:63:25,-91,2016,1,26,10,54,3
F4:B8:5E:C4:63:25,-91,2016,1,26,10,54,34
F4:B8:5E:C4:63:25,-97,2016,1,26,10,55,5
F4:B8:5E:C4:63:25,-88,2016,1,26,10,55,35
F4:B8:5E:C4:63:25,-92,2016,1,26,10,56,6
F4:B8:5E:C4:63:25,-96,2016,1,26,10,56,36
F4:B8:5E:C4:63:25,-92,2016,1,26,10,57,6
74:DA:EA:A8:9D:0F,-90,2016,1,26,10,57,36
F4:B8:5E:C4:63:25,-96,2016,1,26,10,57,36
F4:B8:5E:C4:63:25,-95,2016,1,26,10,58,6
F4:B8:5E:C4:63:25,-87,2016,1,26,10,58,37
F4:B8:5E:C4:63:25,-86,2016,1,26,10,59,8
F4:B8:5E:C4:63:25,-97,2016,1,26,10,59,39
F4:B8:5E:C4:63:25,-91,2016,1,26,11,0,9
F4:B8:5E:C4:63:25,-88,2016,1,26,11,0,40
F4:B8:5E:C4:63:25,-96,2016,1,26,11,1,10
F4:B8:5E:C4:63:25,-94,2016,1,26,11,1,41
F4:B8:5E:C4:63:25,-97,2016,1,26,11,2,12
F4:B8:5E:C4:63:25,-93,2016,1,26,11,2,43
F4:B8:5E:C4:63:25,-92,2016,1,26,11,3,13
F4:B8:5E:C4:63:25,-90,2016,1,26,11,3,43
F4:B8:5E:C4:5F:BE,-91,2016,1,26,19,59,0
F4:B8:5E:C4:5F:BE,-93,2016,1,26,19,59,30
F4:B8:5E:C4:5F:BE,-82,2016,1,26,20,0,0
F4:B8:5E:C4:5F:BE,-86,2016,1,26,20,0,31
F4:B8:5E:C4:5F:BE,-87,2016,1,26,20,1,2
F4:B8:5E:C4:5F:BE,-91,2016,1,26,20,1,33
F4:B8:5E:C4:5F:BE,-93,2016,1,26,20,2,4
F4:B8:5E:C4:5F:BE,-90,2016,1,26,20,2,35
F4:B8:5E:C4:5F:BE,-93,2016,1,26,20,3,6
F4:B8:5E:C4:5F:BE,-90,2016,1,26,20,3,37
F4:B8:5E:C4:5F:BE,-81,2016,1,26,20,4,7
F4:B8:5E:C4:5F:BE,-91,2016,1,26,20,4,37
F4:B8:5E:C4:5F:BE,-96,2016,1,26,20,5,8
F4:B8:5E:C4:5F:BE,-93,2016,1,26,20,5,39
F4:B8:5E:C4:5F:BE,-93,2016,1,26,20,6,10
F4:B8:5E:C4:5F:BE,-92,2016,1,26,20,6,41
F4:B8:5E:C4:5F:BE,-89,2016,1,26,20,7,12
F4:B8:5E:C4:5F:BE,-94,2016,1,26,20,7,43
F4:B8:5E:C4:5F:BE,-91,2016,1,26,20,8,13
F4:B8:5E:C4:5F:BE,-91,2016,1,26,20,8,43
F4:B8:5E:C4:5F:BE,-93,2016,1,26,20,9,13
F4:B8:5E:C4:5F:BE,-93,2016,1,26,20,9,44
F4:B8:5E:C4:5F:BE,-92,2016,1,26,20,10,14
F4:B8:5E:C4:5F:BE,-93,2016,1,26,20,10,45
F4:B8:5E:C4:5F:BE,-94,2016,1,26,20,11,16
F4:B8:5E:C4:5F:BE,-93,2016,1,26,20,11,47
F4:B8:5E:C4:5F:BE,-91,2016,1,26,20,12,18
F4:B8:5E:C4:5F:BE,-92,2016,1,26,20,12,49
F4:B8:5E:C4:5F:BE,-90,2016,1,26,20,13,19
F4:B8:5E:C4:5F:BE,-89,2016,1,26,20,13,49
