F4:B8:5E:C4:8F:EE,-90,2016,1,18,14,21,0
F4:B8:5E:C4:8F:EE,-91,2016,1,18,14,21,30
F4:B8:5E:C4:8F:EE,-89,2016,1,18,14,22,32
74:DA:EA:A8:9D:0F,-89,2016,1,18,14,25,2
F4:B8:5E:C4:8F:EE,-83,2016,1,18,14,25,2
F4:B8:5E:DC:A9:F8,-88,2016,1,18,14,25,2
74:DA:EA:A8:9D:0F,-87,2016,1,18,14,25,32
F4:B8:5E:C4:8F:EE,-83,2016,1,18,14,25,32
F4:B8:5E:DC:A9:F8,-87,2016,1,18,14,25,32
74:DA:EA:A8:9D:0F,-85,2016,1,18,14,26,2
F4:B8:5E:C4:8F:EE,-87,2016,1,18,14,26,2
F4:B8:5E:DC:A9:F8,-86,2016,1,18,14,26,2
68:9E:19:11:A6:DB,-85,2016,1,18,14,26,2
74:DA:EA:A8:9D:0F,-90,2016,1,18,14,26,32
F4:B8:5E:C4:8F:EE,-89,2016,1,18,14,26,32
F4:B8:5E:DC:A9:F8,-90,2016,1,18,14,28,4
F4:B8:5E:C4:63:25,-85,2016,1,18,14,30,5
F4:B8:5E:C4:63:25,-86,2016,1,26,7,49,0
74:DA:EA:A8:9D:0F,-91,2016,1,26,7,49,30
F4:B8:5E:C4:63:25,-89,2016,1,26,7,49,30
68:9E:19:11:A6:DB,-89,2016,1,26,7,49,30
74:DA:EA:A8:9D:0F,-90,2016,1,26,7,50,1
F4:B8:5E:C4:63:25,-86,2016,1,26,7,50,1
68:9E:19:11:A6:DB,-90,2016,1,26,7,50,1
F4:B8:5E:C4:5F:BE,-88,2016,1,26,7,50,31
F4:B8:5E:C4:63:25,-87,2016,1,26,7,50,31
F4:B8:5E:C4:8F:EE,-88,2016,1,26,7,50,31
F4:B8:5E:DC:A9:F8,-86,2016,1,26,7,50,31
68:9E:19:11:A6:DB,-87,2016,1,26,7,50,31
F4:B8:5E:C4:63:25,-86,2016,1,26,7,51,2
74:DA:EA:A8:9D:0F,-88,2016,1,26,7,51,2
F4:B8:5E:C4:5F:BE,-89,2016,1,26,7,51,2
F4:B8:5E:DC:A9:F8,-88,2016,1,26,7,51,2
68:9E:19:11:A6:DB,-87,2016,1,26,7,51,2
F4:B8:5E:C4:8F:EE,-89,2016,1,26,7,51,32
F4:B8:5E:C4:63:25,-88,2016,1,26,7,51,32
F4:B8:5E:C4:5F:BE,-87,2016,1,26,7,51,32
68:9E:19:11:A6:DB,-84,2016,1,26,7,51,32
F4:B8:5E:DC:A9:F8,-88,2016,1,26,7,51,32
F4:B8:5E:C4:5F:BE,-90,2016,1,26,7,52,3
F4:B8:5E:C4:63:25,-86,2016,1,26,7,52,3
68:9E:19:11:A6:DB,-87,2016,1,26,7,52,3
F4:B8:5E:C4:5F:BE,-87,2016,1,26,7,52,34
F4:B8:5E:C4:63:25,-86,2016,1,26,7,52,34
68:9E:19:11:A6:DB,-87,2016,1,26,7,52,34
F4:B8:5E:C4:63:25,-85,2016,1,26,7,53,4
F4:B8:5E:DC:A9:F8,-89,2016,1,26,7,53,4
68:9E:19:11:A6:DB,-86,2016,1,26,7,53,4
F4:B8:5E:C4:63:25,-89,2016,1,26,7,53,35
68:9E:19:11:A6:DB,-90,2016,1,26,7,53,35
F4:B8:5E:C4:5F:BE,-92,2016,1,26,7,54,5
F4:B8:5E:C4:63:25,-85,2016,1,26,7,54,5
68:9E:19:11:A6:DB,-86,2016,1,26,7,54,5
F4:B8:5E:C4:63:25,-89,2016,1,26,7,54,35
68:9E:19:11:A6:DB,-86,2016,1,26,7,54,35
F4:B8:5E:C4:5F:BE,-91,2016,1,26,7,55,6
F4:B8:5E:C4:63:25,-83,2016,1,26,7,55,6
68:9E:19:11:A6:DB,-86,2016,1,26,7,55,6
F4:B8:5E:C4:5F:BE,-88,2016,1,26,7,55,37
F4:B8:5E:C4:63:25,-85,2016,1,26,7,55,37
68:9E:19:11:A6:DB,-86,2016,1,26,7,55,37
F4:B8:5E:C4:63:25,-87,2016,1,26,7,56,8
F4:B8:5E:C4:5F:BE,-89,2016,1,26,7,56,8
68:9E:19:11:A6:DB,-87,2016,1,26,7,56,8
F4:B8:5E:C4:8F:EE,-92,2016,1,26,7,56,38
F4:B8:5E:C4:63:25,-86,2016,1,26,7,56,38
F4:B8:5E:C4:5F:BE,-87,2016,1,26,7,56,38
68:9E:19:11:A6:DB,-82,2016,1,26,7,56,38
F4:B8:5E:C4:5F:BE,-88,2016,1,26,7,57,8
F4:B8:5E:C4:63:25,-86,2016,1,26,7,57,8
68:9E:19:11:A6:DB,-85,2016,1,26,7,57,8
74:DA:EA:A8:9D:0F,-89,2016,1,26,7,57,40
F4:B8:5E:C4:8F:EE,-85,2016,1,26,7,57,40
F4:B8:5E:C4:5F:BE,-89,2016,1,26,7,57,40
F4:B8:5E:C4:63:25,-90,2016,1,26,7,57,40
68:9E:19:11:A6:DB,-84,2016,1,26,7,57,40
F4:B8:5E:DC:A9:F8,-86,2016,1,26,7,57,40
F4:B8:5E:C4:63:25,-87,2016,1,26,7,58,11
74:DA:EA:A8:9D:0F,-89,2016,1,26,7,58,11
F4:B8:5E:C4:5F:BE,-87,2016,1,26,7,58,11
68:9E:19:11:A6:DB,-83,2016,1,26,7,58,11
F4:B8:5E:DC:A9:F8,-87,2016,1,26,7,58,11
F4:B8:5E:C4:63:25,-85,2016,1,26,8,0,3
68:9E:19:11:A6:DB,-87,2016,1,26,8,0,3
F4:B8:5E:C4:63:25,-90,2016,1,26,8,0,33
68:9E:19:11:A6:DB,-85,2016,1,26,8,0,33
F4:B8:5E:C4:63:25,-88,2016,1,26,8,1,3
68:9E:19:11:A6:DB,-85,2016,1,26,8,1,3
F4:B8:5E:C4:63:25,-82,2016,1,26,8,1,33
F4:B8:5E:DC:A9:F8,-91,2016,1,26,8,1,33
68:9E:19:11:A6:DB,-91,2016,1,26,8,1,33
F4:B8:5E:C4:63:25,-85,2016,1,26,8,2,3
F4:B8:5E:DC:A9:F8,-88,2016,1,26,8,2,3
68:9E:19:11:A6:DB,-87,2016,1,26,8,2,3
F4:B8:5E:C4:63:25,-86,2016,1,26,8,2,34
68:9E:19:11:A6:DB,-86,2016,1,26,8,2,34
F4:B8:5E:C4:5F:BE,-89,2016,1,26,8,3,5
F4:B8:5E:C4:63:25,-85,2016,1,26,8,3,5
68:9E:19:11:A6:DB,-84,2016,1,26,8,3,5
F4:B8:5E:C4:63:25,-87,2016,1,26,8,3,36
F4:B8:5E:DC:A9:F8,-87,2016,1,26,8,3,36
68:9E:19:11:A6:DB,-87,2016,1,26,8,3,36
F4:B8:5E:C4:63:25,-84,2016,1,26,8,4,7
F4:B8:5E:DC:A9:F8,-86,2016,1,26,8,4,7
68:9E:19:11:A6:DB,-87,2016,1,26,8,4,7
F4:B8:5E:C4:5F:BE,-93,2016,1,26,8,4,38
F4:B8:5E:C4:63:25,-89,2016,1,26,8,4,38
F4:B8:5E:DC:A9:F8,-91,2016,1,26,8,4,38
68:9E:19:11:A6:DB,-88,2016,1,26,8,4,38
F4:B8:5E:C4:63:25,-89,2016,1,26,8,5,9
68:9E:19:11:A6:DB,-87,2016,1,26,8,5,9
F4:B8:5E:C4:5F:BE,-92,2016,1,26,8,5,40
F4:B8:5E:C4:63:25,-88,2016,1,26,8,5,40
68:9E:19:11:A6:DB,-87,2016,1,26,8,5,40
F4:B8:5E:DC:A9:F8,-88,2016,1,26,8,5,40
F4:B8:5E:C4:63:25,-90,2016,1,26,8,6,10
68:9E:19:11:A6:DB,-90,2016,1,26,8,6,10
F4:B8:5E:C4:63:25,-87,2016,1,26,8,6,41
F4:B8:5E:C4:5F:BE,-90,2016,1,26,8,6,41
68:9E:19:11:A6:DB,-89,2016,1,26,8,6,41
F4:B8:5E:C4:63:25,-87,2016,1,26,8,7,11
F4:B8:5E:DC:A9:F8,-89,2016,1,26,8,7,11
68:9E:19:11:A6:DB,-86,2016,1,26,8,7,11
F4:B8:5E:C4:63:25,-85,2016,1,26,8,7,42
68:9E:19:11:A6:DB,-90,2016,1,26,8,7,42
F4:B8:5E:C4:5F:BE,-90,2016,1,26,8,8,12
F4:B8:5E:C4:63:25,-82,2016,1,26,8,8,12
F4:B8:5E:DC:A9:F8,-84,2016,1,26,8,8,12
68:9E:19:11:A6:DB,-91,2016,1,26,8,8,12
F4:B8:5E:C4:5F:BE,-88,2016,1,26,8,8,43
F4:B8:5E:C4:63:25,-83,2016,1,26,8,8,43
68:9E:19:11:A6:DB,-88,2016,1,26,8,8,43
F4:B8:5E:DC:A9:F8,-88,2016,1,26,8,8,43
F4:B8:5E:C4:5F:BE,-91,2016,1,26,8,9,14
F4:B8:5E:C4:63:25,-88,2016,1,26,8,9,14
68:9E:19:11:A6:DB,-87,2016,1,26,8,9,14
F4:B8:5E:C4:5F:BE,-92,2016,1,26,8,9,44
F4:B8:5E:C4:63:25,-86,2016,1,26,8,9,44
68:9E:19:11:A6:DB,-88,2016,1,26,8,9,44
F4:B8:5E:DC:A9:F8,-84,2016,1,26,8,9,44
F4:B8:5E:C4:63:25,-85,2016,1,26,8,10,14
68:9E:19:11:A6:DB,-88,2016,1,26,8,10,14
F4:B8:5E:C4:63:25,-90,2016,1,26,8,10,44
F4:B8:5E:DC:A9:F8,-85,2016,1,26,8,10,44
68:9E:19:11:A6:DB,-85,2016,1,26,8,10,44
F4:B8:5E:C4:5F:BE,-88,2016,1,26,8,11,14
F4:B8:5E:C4:63:25,-81,2016,1,26,8,11,14
F4:B8:5E:DC:A9:F8,-86,2016,1,26,8,11,14
68:9E:19:11:A6:DB,-89,2016,1,26,8,11,14
F4:B8:5E:C4:5F:BE,-90,2016,1,26,8,11,44
F4:B8:5E:C4:63:25,-86,2016,1,26,8,11,44
F4:B8:5E:DC:A9:F8,-90,2016,1,26,8,11,44
68:9E:19:11:A6:DB,-87,2016,1,26,8,11,44
F4:B8:5E:C4:5F:BE,-90,2016,1,26,8,12,14
F4:B8:5E:C4:63:25,-84,2016,1,26,8,12,14
68:9E:19:11:A6:DB,-88,2016,1,26,8,12,14
F4:B8:5E:C4:5F:BE,-89,2016,1,26,8,12,44
F4:B8:5E:C4:63:25,-84,2016,1,26,8,12,44
68:9E:19:11:A6:DB,-87,2016,1,26,8,12,44
F4:B8:5E:C4:63:25,-84,2016,1,26,8,13,14
68:9E:19:11:A6:DB,-91,2016,1,26,8,13,14
F4:B8:5E:DC:A9:F8,-89,2016,1,26,8,13,14
F4:B8:5E:C4:63:25,-86,2016,1,26,8,13,44
68:9E:19:11:A6:DB,-88,2016,1,26,8,13,44
F4:B8:5E:DC:A9:F8,-88,2016,1,26,8,13,44
F4:B8:5E:C4:5F:BE,-90,2016,1,26,8,14,14
F4:B8:5E:C4:63:25,-81,2016,1,26,8,14,14
F4:B8:5E:DC:A9:F8,-88,2016,1,26,8,14,14
68:9E:19:11:A6:DB,-92,2016,1,26,8,14,14
F4:B8:5E:C4:63:25,-87,2016,1,26,8,14,45
F4:B8:5E:C4:5F:BE,-90,2016,1,26,8,14,45
68:9E:19:11:A6:DB,-91,2016,1,26,8,14,45
F4:B8:5E:C4:5F:BE,-89,2016,1,26,8,15,16
F4:B8:5E:C4:63:25,-83,2016,1,26,8,15,16
F4:B8:5E:DC:A9:F8,-90,2016,1,26,8,15,16
74:DA:EA:A8:9D:0F,-91,2016,1,26,8,15,46
F4:B8:5E:C4:63:25,-84,2016,1,26,8,15,46
68:9E:19:11:A6:DB,-86,2016,1,26,8,15,46
F4:B8:5E:DC:A9:F8,-87,2016,1,26,8,15,46
74:DA:EA:A8:9D:0F,-90,2016,1,26,8,16,17
F4:B8:5E:C4:63:25,-86,2016,1,26,8,16,17
68:9E:19:11:A6:DB,-86,2016,1,26,8,16,17
F4:B8:5E:DC:A9:F8,-84,2016,1,26,8,16,17
F4:B8:5E:C4:5F:BE,-90,2016,1,26,8,16,47
F4:B8:5E:C4:63:25,-86,2016,1,26,8,16,47
68:9E:19:11:A6:DB,-90,2016,1,26,8,16,47
F4:B8:5E:DC:A9:F8,-90,2016,1,26,8,16,47
F4:B8:5E:C4:8F:EE,-88,2016,1,26,8,17,17
F4:B8:5E:C4:5F:BE,-90,2016,1,26,8,17,17
F4:B8:5E:C4:63:25,-86,2016,1,26,8,17,17
F4:B8:5E:DC:A9:F8,-90,2016,1,26,8,17,17
68:9E:19:11:A6:DB,-88,2016,1,26,8,17,17
F4:B8:5E:C4:63:25,-83,2016,1,26,8,17,47
F4:B8:5E:C4:63:25,-89,2016,1,26,8,21,49
74:DA:EA:A8:9D:0F,-83,2016,1,26,8,21,49
F4:B8:5E:C4:5F:BE,-90,2016,1,26,8,21,49
F4:B8:5E:DC:A9:F8,-85,2016,1,26,8,21,49
68:9E:19:11:A6:DB,-83,2016,1,26,8,21,49
F4:B8:5E:C4:63:25,-84,2016,1,26,8,22,19
74:DA:EA:A8:9D:0F,-90,2016,1,26,8,22,19
F4:B8:5E:C4:5F:BE,-86,2016,1,26,8,22,19
F4:B8:5E:DC:A9:F8,-86,2016,1,26,8,22,19
F4:B8:5E:C4:5F:BE,-88,2016,1,26,8,22,49
F4:B8:5E:DC:A9:F8,-90,2016,1,26,8,22,49
F4:B8:5E:C4:63:25,-84,2016,1,26,8,23,19
74:DA:EA:A8:9D:0F,-88,2016,1,26,8,23,19
F4:B8:5E:C4:5F:BE,-92,2016,1,26,8,23,19
F4:B8:5E:DC:A9:F8,-87,2016,1,26,8,23,19
F4:B8:5E:C4:8F:EE,-87,2016,1,26,8,23,50
F4:B8:5E:C4:63:25,-90,2016,1,26,8,23,50
74:DA:EA:A8:9D:0F,-85,2016,1,26,8,23,50
F4:B8:5E:C4:5F:BE,-88,2016,1,26,8,23,50
F4:B8:5E:DC:A9:F8,-89,2016,1,26,8,23,50
F4:B8:5E:C4:8F:EE,-91,2016,1,26,8,24,21
74:DA:EA:A8:9D:0F,-86,2016,1,26,8,24,21
F4:B8:5E:C4:63:25,-83,2016,1,26,8,24,21
F4:B8:5E:DC:A9:F8,-88,2016,1,26,8,24,21
F4:B8:5E:C4:8F:EE,-86,2016,1,26,8,24,52
F4:B8:5E:C4:63:25,-84,2016,1,26,8,24,52
F4:B8:5E:C4:5F:BE,-92,2016,1,26,8,24,52
F4:B8:5E:DC:A9:F8,-87,2016,1,26,8,24,52
F4:B8:5E:C4:8F:EE,-90,2016,1,26,8,25,23
F4:B8:5E:C4:63:25,-90,2016,1,26,8,25,23
74:DA:EA:A8:9D:0F,-89,2016,1,26,8,25,23
F4:B8:5E:C4:5F:BE,-91,2016,1,26,8,25,23
F4:B8:5E:DC:A9:F8,-89,2016,1,26,8,25,23
F4:B8:5E:C4:8F:EE,-88,2016,1,26,8,25,54
74:DA:EA:A8:9D:0F,-92,2016,1,26,8,25,54
F4:B8:5E:C4:63:25,-83,2016,1,26,8,25,54
F4:B8:5E:C4:8F:EE,-88,2016,1,26,8,26,24
F4:B8:5E:C4:63:25,-88,2016,1,26,8,26,24
74:DA:EA:A8:9D:0F,-91,2016,1,26,8,26,24
F4:B8:5E:C4:5F:BE,-90,2016,1,26,8,26,24
F4:B8:5E:DC:A9:F8,-86,2016,1,26,8,26,24
F4:B8:5E:C4:63:25,-87,2016,1,26,8,26,54
74:DA:EA:A8:9D:0F,-89,2016,1,26,8,26,54
F4:B8:5E:C4:8F:EE,-86,2016,1,26,8,26,54
F4:B8:5E:DC:A9:F8,-91,2016,1,26,8,26,54
68:9E:19:11:A6:DB,-91,2016,1,26,8,26,54
F4:B8:5E:C4:8F:EE,-89,2016,1,26,8,27,24
74:DA:EA:A8:9D:0F,-86,2016,1,26,8,27,24
F4:B8:5E:C4:63:25,-88,2016,1,26,8,27,24
F4:B8:5E:DC:A9:F8,-90,2016,1,26,8,27,24
F4:B8:5E:C4:8F:EE,-90,2016,1,26,8,27,55
74:DA:EA:A8:9D:0F,-88,2016,1,26,8,27,55
F4:B8:5E:C4:63:25,-88,2016,1,26,8,27,55
F4:B8:5E:DC:A9:F8,-88,2016,1,26,8,27,55
68:9E:19:11:A6:DB,-91,2016,1,26,8,27,55
F4:B8:5E:C4:8F:EE,-89,2016,1,26,8,28,25
74:DA:EA:A8:9D:0F,-88,2016,1,26,8,28,25
F4:B8:5E:C4:63:25,-90,2016,1,26,8,28,25
68:9E:19:11:A6:DB,-92,2016,1,26,8,28,25
F4:B8:5E:DC:A9:F8,-89,2016,1,26,8,28,25
74:DA:EA:A8:9D:0F,-80,2016,1,26,8,28,55
F4:B8:5E:C4:8F:EE,-81,2016,1,26,8,28,55
F4:B8:5E:C4:5F:BE,-95,2016,1,26,8,28,55
F4:B8:5E:C4:63:25,-83,2016,1,26,8,28,55
68:9E:19:11:A6:DB,-97,2016,1,26,8,28,55
F4:B8:5E:DC:A9:F8,-81,2016,1,26,8,28,55
74:DA:EA:A8:9D:0F,-85,2016,1,26,8,29,26
F4:B8:5E:C4:8F:EE,-91,2016,1,26,8,29,26
F4:B8:5E:C4:5F:BE,-85,2016,1,26,8,29,26
F4:B8:5E:C4:63:25,-87,2016,1,26,8,29,26
68:9E:19:11:A6:DB,-96,2016,1,26,8,29,26
F4:B8:5E:DC:A9:F8,-88,2016,1,26,8,29,26
74:DA:EA:A8:9D:0F,-81,2016,1,26,8,29,56
F4:B8:5E:C4:8F:EE,-84,2016,1,26,8,29,56
F4:B8:5E:C4:5F:BE,-95,2016,1,26,8,29,56
F4:B8:5E:C4:63:25,-81,2016,1,26,8,29,56
68:9E:19:11:A6:DB,-87,2016,1,26,8,29,56
F4:B8:5E:DC:A9:F8,-82,2016,1,26,8,29,56
74:DA:EA:A8:9D:0F,-86,2016,1,26,8,30,27
F4:B8:5E:C4:8F:EE,-93,2016,1,26,8,30,27
F4:B8:5E:C4:5F:BE,-86,2016,1,26,8,30,27
F4:B8:5E:C4:63:25,-81,2016,1,26,8,30,27
68:9E:19:11:A6:DB,-84,2016,1,26,8,30,27
F4:B8:5E:DC:A9:F8,-79,2016,1,26,8,30,27
74:DA:EA:A8:9D:0F,-82,2016,1,26,8,30,57
F4:B8:5E:C4:8F:EE,-85,2016,1,26,8,30,57
F4:B8:5E:C4:5F:BE,-92,2016,1,26,8,30,57
F4:B8:5E:C4:63:25,-80,2016,1,26,8,30,57
68:9E:19:11:A6:DB,-85,2016,1,26,8,30,57
F4:B8:5E:DC:A9:F8,-83,2016,1,26,8,30,57
F4:B8:5E:C4:8F:EE,-89,2016,1,26,8,31,27
F4:B8:5E:C4:5F:BE,-87,2016,1,26,8,31,27
F4:B8:5E:DC:A9:F8,-90,2016,1,26,8,31,27
F4:B8:5E:C4:63:25,-90,2016,1,26,8,31,27
68:9E:19:11:A6:DB,-91,2016,1,26,8,31,27
74:DA:EA:A8:9D:0F,-100,2016,1,26,8,31,58
F4:B8:5E:C4:8F:EE,-88,2016,1,26,8,31,58
F4:B8:5E:C4:5F:BE,-93,2016,1,26,8,31,58
F4:B8:5E:C4:63:25,-93,2016,1,26,8,31,58
68:9E:19:11:A6:DB,-93,2016,1,26,8,31,58
F4:B8:5E:DC:A9:F8,-95,2016,1,26,8,31,58
F4:B8:5E:C4:8F:EE,-91,2016,1,26,8,32,29
F4:B8:5E:DC:A9:F8,-96,2016,1,26,8,32,29
F4:B8:5E:C4:5F:BE,-87,2016,1,26,8,32,29
68:9E:19:11:A6:DB,-92,2016,1,26,8,32,29
F4:B8:5E:C4:63:25,-95,2016,1,26,8,32,29
74:DA:EA:A8:9D:0F,-90,2016,1,26,8,33,0
F4:B8:5E:C4:8F:EE,-91,2016,1,26,8,33,0
F4:B8:5E:C4:5F:BE,-89,2016,1,26,8,33,0
F4:B8:5E:C4:63:25,-92,2016,1,26,8,33,0
68:9E:19:11:A6:DB,-93,2016,1,26,8,33,0
F4:B8:5E:DC:A9:F8,-88,2016,1,26,8,33,0
74:DA:EA:A8:9D:0F,-94,2016,1,26,8,33,31
F4:B8:5E:C4:8F:EE,-92,2016,1,26,8,33,31
F4:B8:5E:C4:5F:BE,-93,2016,1,26,8,33,31
F4:B8:5E:C4:63:25,-88,2016,1,26,8,33,31
68:9E:19:11:A6:DB,-86,2016,1,26,8,33,31
F4:B8:5E:DC:A9:F8,-88,2016,1,26,8,33,31
74:DA:EA:A8:9D:0F,-85,2016,1,26,8,34,1
F4:B8:5E:C4:8F:EE,-88,2016,1,26,8,34,1
F4:B8:5E:C4:5F:BE,-85,2016,1,26,8,34,1
F4:B8:5E:C4:63:25,-81,2016,1,26,8,34,1
68:9E:19:11:A6:DB,-91,2016,1,26,8,34,1
F4:B8:5E:DC:A9:F8,-92,2016,1,26,8,34,1
74:DA:EA:A8:9D:0F,-95,2016,1,26,8,34,32
F4:B8:5E:C4:8F:EE,-84,2016,1,26,8,34,32
F4:B8:5E:C4:5F:BE,-92,2016,1,26,8,34,32
F4:B8:5E:C4:63:25,-90,2016,1,26,8,34,32
68:9E:19:11:A6:DB,-90,2016,1,26,8,34,32
F4:B8:5E:DC:A9:F8,-84,2016,1,26,8,34,32
74:DA:EA:A8:9D:0F,-95,2016,1,26,8,35,3
F4:B8:5E:C4:8F:EE,-92,2016,1,26,8,35,3
F4:B8:5E:C4:5F:BE,-95,2016,1,26,8,35,3
F4:B8:5E:C4:63:25,-89,2016,1,26,8,35,3
68:9E:19:11:A6:DB,-89,2016,1,26,8,35,3
F4:B8:5E:DC:A9:F8,-91,2016,1,26,8,35,3
74:DA:EA:A8:9D:0F,-88,2016,1,26,8,35,33
F4:B8:5E:C4:8F:EE,-84,2016,1,26,8,35,33
F4:B8:5E:C4:5F:BE,-90,2016,1,26,8,35,33
F4:B8:5E:C4:63:25,-87,2016,1,26,8,35,33
68:9E:19:11:A6:DB,-86,2016,1,26,8,35,33
F4:B8:5E:DC:A9:F8,-86,2016,1,26,8,35,33
F4:B8:5E:C4:63:25,-81,2016,1,26,8,36,4
74:DA:EA:A8:9D:0F,-89,2016,1,26,8,36,4
F4:B8:5E:C4:8F:EE,-91,2016,1,26,8,36,4
F4:B8:5E:DC:A9:F8,-87,2016,1,26,8,36,4
68:9E:19:11:A6:DB,-79,2016,1,26,8,36,4
74:DA:EA:A8:9D:0F,-92,2016,1,26,8,36,34
F4:B8:5E:C4:8F:EE,-84,2016,1,26,8,36,34
F4:B8:5E:C4:5F:BE,-93,2016,1,26,8,36,34
F4:B8:5E:C4:63:25,-83,2016,1,26,8,36,34
68:9E:19:11:A6:DB,-84,2016,1,26,8,36,34
F4:B8:5E:DC:A9:F8,-83,2016,1,26,8,36,34
74:DA:EA:A8:9D:0F,-90,2016,1,26,8,37,4
F4:B8:5E:C4:8F:EE,-90,2016,1,26,8,37,4
F4:B8:5E:C4:5F:BE,-90,2016,1,26,8,37,4
F4:B8:5E:C4:63:25,-84,2016,1,26,8,37,4
68:9E:19:11:A6:DB,-77,2016,1,26,8,37,4
F4:B8:5E:DC:A9:F8,-89,2016,1,26,8,37,4
74:DA:EA:A8:9D:0F,-87,2016,1,26,8,37,35
F4:B8:5E:C4:8F:EE,-93,2016,1,26,8,37,35
F4:B8:5E:C4:5F:BE,-75,2016,1,26,8,37,35
F4:B8:5E:C4:63:25,-92,2016,1,26,8,37,35
68:9E:19:11:A6:DB,-89,2016,1,26,8,37,35
F4:B8:5E:DC:A9:F8,-94,2016,1,26,8,37,35
74:DA:EA:A8:9D:0F,-93,2016,1,26,8,38,5
F4:B8:5E:C4:8F:EE,-85,2016,1,26,8,38,5
F4:B8:5E:C4:5F:BE,-80,2016,1,26,8,38,5
F4:B8:5E:C4:63:25,-92,2016,1,26,8,38,5
68:9E:19:11:A6:DB,-82,2016,1,26,8,38,5
F4:B8:5E:DC:A9:F8,-85,2016,1,26,8,38,5
74:DA:EA:A8:9D:0F,-85,2016,1,26,8,38,35
F4:B8:5E:C4:8F:EE,-87,2016,1,26,8,38,35
F4:B8:5E:C4:5F:BE,-81,2016,1,26,8,38,35
F4:B8:5E:C4:63:25,-92,2016,1,26,8,38,35
68:9E:19:11:A6:DB,-96,2016,1,26,8,38,35
F4:B8:5E:DC:A9:F8,-90,2016,1,26,8,38,35
74:DA:EA:A8:9D:0F,-87,2016,1,26,8,39,6
F4:B8:5E:C4:8F:EE,-91,2016,1,26,8,39,6
F4:B8:5E:C4:5F:BE,-75,2016,1,26,8,39,6
F4:B8:5E:C4:63:25,-91,2016,1,26,8,39,6
68:9E:19:11:A6:DB,-88,2016,1,26,8,39,6
F4:B8:5E:DC:A9:F8,-86,2016,1,26,8,39,6
74:DA:EA:A8:9D:0F,-88,2016,1,26,8,39,37
F4:B8:5E:C4:8F:EE,-88,2016,1,26,8,39,37
F4:B8:5E:C4:5F:BE,-80,2016,1,26,8,39,37
F4:B8:5E:C4:63:25,-84,2016,1,26,8,39,37
68:9E:19:11:A6:DB,-86,2016,1,26,8,39,37
F4:B8:5E:DC:A9:F8,-88,2016,1,26,8,39,37
74:DA:EA:A8:9D:0F,-91,2016,1,26,8,40,7
F4:B8:5E:C4:8F:EE,-98,2016,1,26,8,40,7
F4:B8:5E:C4:5F:BE,-82,2016,1,26,8,40,7
F4:B8:5E:C4:63:25,-95,2016,1,26,8,40,7
68:9E:19:11:A6:DB,-86,2016,1,26,8,40,7
F4:B8:5E:DC:A9:F8,-95,2016,1,26,8,40,7
74:DA:EA:A8:9D:0F,-92,2016,1,26,8,40,37
F4:B8:5E:C4:8F:EE,-88,2016,1,26,8,40,37
F4:B8:5E:C4:5F:BE,-86,2016,1,26,8,40,37
F4:B8:5E:C4:63:25,-95,2016,1,26,8,40,37
68:9E:19:11:A6:DB,-88,2016,1,26,8,40,37
F4:B8:5E:DC:A9:F8,-82,2016,1,26,8,40,37
74:DA:EA:A8:9D:0F,-96,2016,1,26,8,41,8
F4:B8:5E:C4:8F:EE,-91,2016,1,26,8,41,8
F4:B8:5E:C4:5F:BE,-82,2016,1,26,8,41,8
F4:B8:5E:C4:63:25,-87,2016,1,26,8,41,8
68:9E:19:11:A6:DB,-88,2016,1,26,8,41,8
F4:B8:5E:DC:A9:F8,-95,2016,1,26,8,41,8
74:DA:EA:A8:9D:0F,-89,2016,1,26,8,41,39
F4:B8:5E:C4:8F:EE,-88,2016,1,26,8,41,39
F4:B8:5E:C4:5F:BE,-92,2016,1,26,8,41,39
F4:B8:5E:C4:63:25,-86,2016,1,26,8,41,39
68:9E:19:11:A6:DB,-82,2016,1,26,8,41,39
F4:B8:5E:DC:A9:F8,-85,2016,1,26,8,41,39
74:DA:EA:A8:9D:0F,-92,2016,1,26,8,42,9
F4:B8:5E:C4:8F:EE,-88,2016,1,26,8,42,9
F4:B8:5E:C4:5F:BE,-86,2016,1,26,8,42,9
F4:B8:5E:C4:63:25,-87,2016,1,26,8,42,9
68:9E:19:11:A6:DB,-81,2016,1,26,8,42,9
F4:B8:5E:DC:A9:F8,-81,2016,1,26,8,42,9
74:DA:EA:A8:9D:0F,-91,2016,1,26,8,42,40
F4:B8:5E:C4:8F:EE,-87,2016,1,26,8,42,40
F4:B8:5E:C4:5F:BE,-85,2016,1,26,8,42,40
F4:B8:5E:C4:63:25,-87,2016,1,26,8,42,40
68:9E:19:11:A6:DB,-83,2016,1,26,8,42,40
F4:B8:5E:DC:A9:F8,-81,2016,1,26,8,42,40
74:DA:EA:A8:9D:0F,-90,2016,1,26,8,43,11
F4:B8:5E:C4:8F:EE,-88,2016,1,26,8,43,11
F4:B8:5E:C4:5F:BE,-80,2016,1,26,8,43,11
F4:B8:5E:C4:63:25,-83,2016,1,26,8,43,11
68:9E:19:11:A6:DB,-82,2016,1,26,8,43,11
F4:B8:5E:DC:A9:F8,-89,2016,1,26,8,43,11
74:DA:EA:A8:9D:0F,-92,2016,1,26,8,43,42
F4:B8:5E:C4:8F:EE,-87,2016,1,26,8,43,42
F4:B8:5E:C4:5F:BE,-81,2016,1,26,8,43,42
F4:B8:5E:C4:63:25,-89,2016,1,26,8,43,42
68:9E:19:11:A6:DB,-80,2016,1,26,8,43,42
F4:B8:5E:DC:A9:F8,-91,2016,1,26,8,43,42
74:DA:EA:A8:9D:0F,-97,2016,1,26,8,44,12
F4:B8:5E:C4:8F:EE,-79,2016,1,26,8,44,12
F4:B8:5E:C4:5F:BE,-87,2016,1,26,8,44,12
F4:B8:5E:C4:63:25,-84,2016,1,26,8,44,12
68:9E:19:11:A6:DB,-82,2016,1,26,8,44,12
F4:B8:5E:DC:A9:F8,-81,2016,1,26,8,44,12
74:DA:EA:A8:9D:0F,-85,2016,1,26,8,44,43
F4:B8:5E:C4:8F:EE,-81,2016,1,26,8,44,43
F4:B8:5E:C4:5F:BE,-82,2016,1,26,8,44,43
F4:B8:5E:C4:63:25,-86,2016,1,26,8,44,43
68:9E:19:11:A6:DB,-75,2016,1,26,8,44,43
F4:B8:5E:DC:A9:F8,-78,2016,1,26,8,44,43
74:DA:EA:A8:9D:0F,-89,2016,1,26,8,45,13
F4:B8:5E:C4:8F:EE,-86,2016,1,26,8,45,13
F4:B8:5E:C4:5F:BE,-79,2016,1,26,8,45,13
F4:B8:5E:C4:63:25,-88,2016,1,26,8,45,13
68:9E:19:11:A6:DB,-83,2016,1,26,8,45,13
F4:B8:5E:DC:A9:F8,-89,2016,1,26,8,45,13
74:DA:EA:A8:9D:0F,-82,2016,1,26,8,45,43
F4:B8:5E:C4:8F:EE,-80,2016,1,26,8,45,43
F4:B8:5E:C4:5F:BE,-83,2016,1,26,8,45,43
F4:B8:5E:C4:63:25,-87,2016,1,26,8,45,43
68:9E:19:11:A6:DB,-90,2016,1,26,8,45,43
F4:B8:5E:DC:A9:F8,-79,2016,1,26,8,45,43
74:DA:EA:A8:9D:0F,-89,2016,1,26,8,46,14
F4:B8:5E:C4:8F:EE,-85,2016,1,26,8,46,14
F4:B8:5E:C4:5F:BE,-84,2016,1,26,8,46,14
F4:B8:5E:C4:63:25,-80,2016,1,26,8,46,14
68:9E:19:11:A6:DB,-91,2016,1,26,8,46,14
F4:B8:5E:DC:A9:F8,-79,2016,1,26,8,46,14
74:DA:EA:A8:9D:0F,-81,2016,1,26,8,46,44
F4:B8:5E:C4:8F:EE,-82,2016,1,26,8,46,44
F4:B8:5E:C4:5F:BE,-88,2016,1,26,8,46,44
F4:B8:5E:C4:63:25,-77,2016,1,26,8,46,44
68:9E:19:11:A6:DB,-73,2016,1,26,8,46,44
F4:B8:5E:DC:A9:F8,-65,2016,1,26,8,46,44
74:DA:EA:A8:9D:0F,-70,2016,1,26,8,47,14
F4:B8:5E:C4:8F:EE,-68,2016,1,26,8,47,14
F4:B8:5E:C4:5F:BE,-88,2016,1,26,8,47,14
F4:B8:5E:C4:63:25,-68,2016,1,26,8,47,14
68:9E:19:11:A6:DB,-70,2016,1,26,8,47,14
F4:B8:5E:DC:A9:F8,-68,2016,1,26,8,47,14
74:DA:EA:A8:9D:0F,-78,2016,1,26,8,47,45
F4:B8:5E:C4:8F:EE,-73,2016,1,26,8,47,45
F4:B8:5E:C4:5F:BE,-97,2016,1,26,8,47,45
F4:B8:5E:C4:63:25,-74,2016,1,26,8,47,45
68:9E:19:11:A6:DB,-69,2016,1,26,8,47,45
F4:B8:5E:DC:A9:F8,-71,2016,1,26,8,47,45
F4:B8:5E:C4:8F:EE,-68,2016,1,26,8,48,16
74:DA:EA:A8:9D:0F,-65,2016,1,26,8,48,16
F4:B8:5E:C4:63:25,-68,2016,1,26,8,48,16
68:9E:19:11:A6:DB,-65,2016,1,26,8,48,16
F4:B8:5E:DC:A9:F8,-68,2016,1,26,8,48,16
F4:B8:5E:C4:63:25,-62,2016,1,26,8,48,47
74:DA:EA:A8:9D:0F,-68,2016,1,26,8,48,47
F4:B8:5E:C4:8F:EE,-70,2016,1,26,8,48,47
F4:B8:5E:DC:A9:F8,-68,2016,1,26,8,48,47
68:9E:19:11:A6:DB,-68,2016,1,26,8,48,47
F4:B8:5E:C4:63:25,-65,2016,1,26,8,49,18
74:DA:EA:A8:9D:0F,-69,2016,1,26,8,49,18
F4:B8:5E:C4:8F:EE,-68,2016,1,26,8,49,18
68:9E:19:11:A6:DB,-65,2016,1,26,8,49,18
F4:B8:5E:DC:A9:F8,-65,2016,1,26,8,49,18
F4:B8:5E:C4:8F:EE,-68,2016,1,26,8,49,49
74:DA:EA:A8:9D:0F,-62,2016,1,26,8,49,49
F4:B8:5E:C4:63:25,-68,2016,1,26,8,49,49
68:9E:19:11:A6:DB,-68,2016,1,26,8,49,49
F4:B8:5E:DC:A9:F8,-73,2016,1,26,8,49,49
F4:B8:5E:C4:8F:EE,-68,2016,1,26,8,50,20
74:DA:EA:A8:9D:0F,-65,2016,1,26,8,50,20
F4:B8:5E:C4:63:25,-68,2016,1,26,8,50,20
F4:B8:5E:DC:A9:F8,-68,2016,1,26,8,50,20
68:9E:19:11:A6:DB,-68,2016,1,26,8,50,20
F4:B8:5E:C4:63:25,-62,2016,1,26,8,50,50
74:DA:EA:A8:9D:0F,-69,2016,1,26,8,50,50
F4:B8:5E:C4:8F:EE,-67,2016,1,26,8,50,50
68:9E:19:11:A6:DB,-65,2016,1,26,8,50,50
F4:B8:5E:DC:A9:F8,-68,2016,1,26,8,50,50
F4:B8:5E:C4:63:25,-68,2016,1,26,8,51,20
74:DA:EA:A8:9D:0F,-68,2016,1,26,8,51,20
F4:B8:5E:C4:8F:EE,-68,2016,1,26,8,51,20
68:9E:19:11:A6:DB,-68,2016,1,26,8,51,20
F4:B8:5E:DC:A9:F8,-68,2016,1,26,8,51,20
F4:B8:5E:C4:8F:EE,-65,2016,1,26,8,51,50
74:DA:EA:A8:9D:0F,-68,2016,1,26,8,51,50
F4:B8:5E:C4:63:25,-68,2016,1,26,8,51,50
68:9E:19:11:A6:DB,-68,2016,1,26,8,51,50
F4:B8:5E:DC:A9:F8,-68,2016,1,26,8,51,50
F4:B8:5E:C4:63:25,-65,2016,1,26,8,52,20
74:DA:EA:A8:9D:0F,-68,2016,1,26,8,52,20
F4:B8:5E:C4:8F:EE,-65,2016,1,26,8,52,20
68:9E:19:11:A6:DB,-68,2016,1,26,8,52,20
F4:B8:5E:DC:A9:F8,-68,2016,1,26,8,52,20
F4:B8:5E:C4:63:25,-68,2016,1,26,8,52,50
74:DA:EA:A8:9D:0F,-70,2016,1,26,8,52,50
F4:B8:5E:C4:8F:EE,-65,2016,1,26,8,52,50
F4:B8:5E:DC:A9:F8,-65,2016,1,26,8,52,50
68:9E:19:11:A6:DB,-68,2016,1,26,8,52,50
F4:B8:5E:C4:63:25,-68,2016,1,26,8,53,21
74:DA:EA:A8:9D:0F,-68,2016,1,26,8,53,21
F4:B8:5E:C4:8F:EE,-68,2016,1,26,8,53,21
68:9E:19:11:A6:DB,-68,2016,1,26,8,53,21
F4:B8:5E:DC:A9:F8,-67,2016,1,26,8,53,21
F4:B8:5E:C4:63:25,-68,2016,1,26,8,53,52
74:DA:EA:A8:9D:0F,-65,2016,1,26,8,53,52
F4:B8:5E:C4:8F:EE,-68,2016,1,26,8,53,52
68:9E:19:11:A6:DB,-68,2016,1,26,8,53,52
F4:B8:5E:DC:A9:F8,-68,2016,1,26,8,53,52
F4:B8:5E:C4:8F:EE,-68,2016,1,26,8,54,23
74:DA:EA:A8:9D:0F,-64,2016,1,26,8,54,23
F4:B8:5E:C4:63:25,-68,2016,1,26,8,54,23
68:9E:19:11:A6:DB,-65,2016,1,26,8,54,23
F4:B8:5E:DC:A9:F8,-66,2016,1,26,8,54,23
F4:B8:5E:C4:63:25,-65,2016,1,26,8,54,54
74:DA:EA:A8:9D:0F,-68,2016,1,26,8,54,54
F4:B8:5E:C4:8F:EE,-68,2016,1,26,8,54,54
68:9E:19:11:A6:DB,-65,2016,1,26,8,54,54
F4:B8:5E:DC:A9:F8,-75,2016,1,26,8,54,54
F4:B8:5E:C4:63:25,-68,2016,1,26,8,55,25
74:DA:EA:A8:9D:0F,-65,2016,1,26,8,55,25
F4:B8:5E:C4:8F:EE,-68,2016,1,26,8,55,25
F4:B8:5E:DC:A9:F8,-82,2016,1,26,8,55,25
68:9E:19:11:A6:DB,-68,2016,1,26,8,55,25
F4:B8:5E:C4:63:25,-65,2016,1,26,8,55,55
74:DA:EA:A8:9D:0F,-79,2016,1,26,8,55,55
F4:B8:5E:C4:8F:EE,-68,2016,1,26,8,55,55
F4:B8:5E:DC:A9:F8,-71,2016,1,26,8,55,55
68:9E:19:11:A6:DB,-68,2016,1,26,8,55,55
F4:B8:5E:C4:63:25,-79,2016,1,26,8,56,26
74:DA:EA:A8:9D:0F,-79,2016,1,26,8,56,26
F4:B8:5E:C4:8F:EE,-82,2016,1,26,8,56,26
68:9E:19:11:A6:DB,-81,2016,1,26,8,56,26
F4:B8:5E:DC:A9:F8,-73,2016,1,26,8,56,26
F4:B8:5E:C4:8F:EE,-90,2016,1,26,8,56,56
74:DA:EA:A8:9D:0F,-95,2016,1,26,8,56,56
F4:B8:5E:C4:63:25,-94,2016,1,26,8,56,56
F4:B8:5E:DC:A9:F8,-96,2016,1,26,8,56,56
68:9E:19:11:A6:DB,-93,2016,1,26,8,56,56
F4:B8:5E:C4:8F:EE,-98,2016,1,26,8,57,26
F4:B8:5E:C4:63:25,-90,2016,1,26,8,57,26
F4:B8:5E:DC:A9:F8,-95,2016,1,26,8,57,26
68:9E:19:11:A6:DB,-92,2016,1,26,8,57,26
F4:B8:5E:C4:8F:EE,-97,2016,1,26,8,57,56
74:DA:EA:A8:9D:0F,-98,2016,1,26,8,57,56
F4:B8:5E:C4:63:25,-93,2016,1,26,8,57,56
68:9E:19:11:A6:DB,-85,2016,1,26,8,57,56
F4:B8:5E:DC:A9:F8,-96,2016,1,26,8,57,56
F4:B8:5E:C4:8F:EE,-73,2016,1,26,8,58,26
74:DA:EA:A8:9D:0F,-82,2016,1,26,8,58,26
F4:B8:5E:C4:63:25,-96,2016,1,26,8,58,26
68:9E:19:11:A6:DB,-79,2016,1,26,8,58,26
F4:B8:5E:DC:A9:F8,-76,2016,1,26,8,58,26
F4:B8:5E:C4:8F:EE,-89,2016,1,26,8,58,57
74:DA:EA:A8:9D:0F,-92,2016,1,26,8,58,57
F4:B8:5E:C4:63:25,-86,2016,1,26,8,58,57
F4:B8:5E:DC:A9:F8,-88,2016,1,26,8,58,57
68:9E:19:11:A6:DB,-90,2016,1,26,8,58,57
F4:B8:5E:C4:63:25,-92,2016,1,26,8,59,28
74:DA:EA:A8:9D:0F,-94,2016,1,26,8,59,28
F4:B8:5E:C4:8F:EE,-90,2016,1,26,8,59,28
F4:B8:5E:DC:A9:F8,-91,2016,1,26,8,59,28
68:9E:19:11:A6:DB,-95,2016,1,26,8,59,28
F4:B8:5E:C4:8F:EE,-76,2016,1,26,8,59,59
74:DA:EA:A8:9D:0F,-93,2016,1,26,8,59,59
F4:B8:5E:C4:63:25,-82,2016,1,26,8,59,59
68:9E:19:11:A6:DB,-83,2016,1,26,8,59,59
F4:B8:5E:DC:A9:F8,-72,2016,1,26,8,59,59
F4:B8:5E:C4:63:25,-92,2016,1,26,9,7,30
74:DA:EA:A8:9D:0F,-92,2016,1,26,9,7,30
F4:B8:5E:C4:8F:EE,-90,2016,1,26,9,7,30
F4:B8:5E:DC:A9:F8,-95,2016,1,26,9,7,30
68:9E:19:11:A6:DB,-81,2016,1,26,9,7,30
F4:B8:5E:C4:63:25,-88,2016,1,26,9,8,0
74:DA:EA:A8:9D:0F,-92,2016,1,26,9,8,0
F4:B8:5E:C4:8F:EE,-95,2016,1,26,9,8,0
F4:B8:5E:DC:A9:F8,-92,2016,1,26,9,8,0
68:9E:19:11:A6:DB,-82,2016,1,26,9,8,0
F4:B8:5E:C4:63:25,-89,2016,1,26,9,8,30
74:DA:EA:A8:9D:0F,-90,2016,1,26,9,8,30
F4:B8:5E:C4:8F:EE,-88,2016,1,26,9,8,30
68:9E:19:11:A6:DB,-86,2016,1,26,9,8,30
F4:B8:5E:DC:A9:F8,-80,2016,1,26,9,8,30
68:9E:19:11:A6:DB,-82,2016,1,26,9,9,0
68:9E:19:11:A6:DB,-92,2016,1,26,9,9,31
68:9E:19:11:A6:DB,-96,2016,1,26,9,10,2
68:9E:19:11:A6:DB,-95,2016,1,26,9,12,2
68:9E:19:11:A6:DB,-99,2016,1,26,9,12,32
68:9E:19:11:A6:DB,-89,2016,1,26,9,28,6
68:9E:19:11:A6:DB,-89,2016,1,26,9,28,36
68:9E:19:11:A6:DB,-91,2016,1,26,9,29,6
F4:B8:5E:DC:A9:F8,-92,2016,1,26,9,38,9
F4:B8:5E:DC:A9:F8,-94,2016,1,26,9,39,9
F4:B8:5E:DC:A9:F8,-94,2016,1,26,9,39,39
F4:B8:5E:C4:63:25,-95,2016,1,26,9,40,41
F4:B8:5E:C4:8F:EE,-96,2016,1,26,9,41,41
F4:B8:5E:DC:A9:F8,-92,2016,1,26,9,43,11
F4:B8:5E:C4:8F:EE,-88,2016,1,26,9,46,43
F4:B8:5E:C4:8F:EE,-91,2016,1,26,9,47,13
F4:B8:5E:C4:8F:EE,-94,2016,1,26,9,47,44
F4:B8:5E:C4:8F:EE,-86,2016,1,26,9,48,15
F4:B8:5E:C4:8F:EE,-94,2016,1,26,9,50,16
F4:B8:5E:C4:8F:EE,-93,2016,1,26,9,50,46
F4:B8:5E:C4:8F:EE,-95,2016,1,26,9,51,17
F4:B8:5E:C4:8F:EE,-89,2016,1,26,9,53,48
F4:B8:5E:C4:8F:EE,-91,2016,1,26,9,54,18
F4:B8:5E:C4:8F:EE,-89,2016,1,26,9,54,48
F4:B8:5E:C4:8F:EE,-90,2016,1,26,9,55,18
F4:B8:5E:C4:8F:EE,-88,2016,1,26,9,55,49
F4:B8:5E:C4:8F:EE,-89,2016,1,26,9,56,20
F4:B8:5E:C4:8F:EE,-95,2016,1,26,9,56,51
F4:B8:5E:C4:8F:EE,-97,2016,1,26,9,57,21
F4:B8:5E:C4:8F:EE,-88,2016,1,26,9,58,21
F4:B8:5E:C4:8F:EE,-97,2016,1,26,9,58,51
F4:B8:5E:C4:8F:EE,-89,2016,1,26,9,59,52
F4:B8:5E:C4:8F:EE,-89,2016,1,26,10,0,23
F4:B8:5E:C4:8F:EE,-86,2016,1,26,10,0,53
F4:B8:5E:C4:8F:EE,-90,2016,1,26,10,1,24
F4:B8:5E:C4:8F:EE,-95,2016,1,26,10,1,55
F4:B8:5E:C4:8F:EE,-89,2016,1,26,10,2,26
74:DA:EA:A8:9D:0F,-93,2016,1,26,10,2,57
F4:B8:5E:C4:63:25,-94,2016,1,26,10,2,57
F4:B8:5E:DC:A9:F8,-92,2016,1,26,10,2,57
F4:B8:5E:C4:63:25,-98,2016,1,26,10,3,28
F4:B8:5E:DC:A9:F8,-92,2016,1,26,10,3,28
F4:B8:5E:C4:63:25,-94,2016,1,26,10,4,28
F4:B8:5E:DC:A9:F8,-96,2016,1,26,10,4,28
74:DA:EA:A8:9D:0F,-94,2016,1,26,10,4,58
F4:B8:5E:C4:63:25,-96,2016,1,26,10,4,58
F4:B8:5E:DC:A9:F8,-90,2016,1,26,10,5,29
F4:B8:5E:C4:63:25,-91,2016,1,26,10,7,0
F4:B8:5E:DC:A9:F8,-94,2016,1,26,10,7,0
F4:B8:5E:DC:A9:F8,-93,2016,1,26,10,7,31
F4:B8:5E:DC:A9:F8,-84,2016,1,26,10,8,1
F4:B8:5E:DC:A9:F8,-86,2016,1,26,10,8,32
F4:B8:5E:DC:A9:F8,-88,2016,1,26,10,9,2
F4:B8:5E:DC:A9:F8,-92,2016,1,26,10,9,33
F4:B8:5E:DC:A9:F8,-92,2016,1,26,10,10,4
F4:B8:5E:DC:A9:F8,-93,2016,1,26,10,10,34
F4:B8:5E:DC:A9:F8,-96,2016,1,26,10,11,5
F4:B8:5E:DC:A9:F8,-95,2016,1,26,10,11,35
F4:B8:5E:DC:A9:F8,-89,2016,1,26,10,12,5
F4:B8:5E:DC:A9:F8,-96,2016,1,26,10,13,6
F4:B8:5E:DC:A9:F8,-84,2016,1,26,10,13,36
F4:B8:5E:DC:A9:F8,-95,2016,1,26,10,14,6
F4:B8:5E:DC:A9:F8,-97,2016,1,26,10,14,36
F4:B8:5E:DC:A9:F8,-95,2016,1,26,10,15,38
F4:B8:5E:DC:A9:F8,-92,2016,1,26,10,16,8
F4:B8:5E:DC:A9:F8,-95,2016,1,26,10,16,39
F4:B8:5E:DC:A9:F8,-93,2016,1,26,10,17,39
F4:B8:5E:DC:A9:F8,-94,2016,1,26,10,18,9
F4:B8:5E:DC:A9:F8,-96,2016,1,26,10,18,39
F4:B8:5E:DC:A9:F8,-93,2016,1,26,10,19,39
F4:B8:5E:DC:A9:F8,-93,2016,1,26,10,20,9
F4:B8:5E:DC:A9:F8,-93,2016,1,26,10,21,11
74:DA:EA:A8:9D:0F,-99,2016,1,26,10,30,12
F4:B8:5E:C4:63:25,-88,2016,1,26,10,30,42
74:DA:EA:A8:9D:0F,-95,2016,1,26,10,31,13
74:DA:EA:A8:9D:0F,-94,2016,1,26,10,31,44
F4:B8:5E:C4:63:25,-83,2016,1,26,10,31,44
74:DA:EA:A8:9D:0F,-80,2016,1,26,10,32,15
F4:B8:5E:C4:63:25,-85,2016,1,26,10,32,15
74:DA:EA:A8:9D:0F,-92,2016,1,26,10,33,16
F4:B8:5E:C4:63:25,-82,2016,1,26,10,33,16
74:DA:EA:A8:9D:0F,-99,2016,1,26,10,33,46
74:DA:EA:A8:9D:0F,-86,2016,1,26,10,34,17
F4:B8:5E:C4:63:25,-96,2016,1,26,10,34,17
74:DA:EA:A8:9D:0F,-91,2016,1,26,10,34,47
F4:B8:5E:C4:63:25,-91,2016,1,26,10,34,47
74:DA:EA:A8:9D:0F,-95,2016,1,26,10,36,49
F4:B8:5E:C4:63:25,-97,2016,1,26,10,36,49
F4:B8:5E:C4:63:25,-95,2016,1,26,10,37,20
74:DA:EA:A8:9D:0F,-94,2016,1,26,10,37,51
F4:B8:5E:C4:63:25,-94,2016,1,26,10,37,51
F4:B8:5E:C4:63:25,-97,2016,1,26,10,38,22
F4:B8:5E:C4:63:25,-94,2016,1,26,10,38,53
74:DA:EA:A8:9D:0F,-93,2016,1,26,10,40,23
74:DA:EA:A8:9D:0F,-93,2016,1,26,10,40,53
74:DA:EA:A8:9D:0F,-92,2016,1,26,10,41,23
74:DA:EA:A8:9D:0F,-97,2016,1,26,10,41,54
74:DA:EA:A8:9D:0F,-93,2016,1,26,10,42,25
F4:B8:5E:C4:63:25,-98,2016,1,26,10,44,55
74:DA:EA:A8:9D:0F,-95,2016,1,26,10,45,25
F4:B8:5E:C4:63:25,-98,2016,1,26,10,45,25
F4:B8:5E:C4:63:25,-98,2016,1,26,10,48,26
F4:B8:5E:C4:63:25,-99,2016,1,26,10,48,57
F4:B8:5E:C4:63:25,-98,2016,1,26,10,49,27
F4:B8:5E:C4:63:25,-99,2016,1,26,10,50,27
F4:B8:5E:C4:63:25,-98,2016,1,26,10,50,57
F4:B8:5E:C4:63:25,-95,2016,1,26,10,51,58
F4:B8:5E:C4:63:25,-96,2016,1,26,10,52,29
F4:B8:5E:C4:63:25,-95,2016,1,26,10,53,0
F4:B8:5E:C4:63:25,-96,2016,1,26,10,53,31
F4:B8:5E:C4:63:25,-95,2016,1,26,11,0,3
F4:B8:5E:C4:63:25,-93,2016,1,26,11,1,33
F4:B8:5E:C4:63:25,-97,2016,1,26,11,3,5
74:DA:EA:A8:9D:0F,-97,2016,1,26,12,9,49
74:DA:EA:A8:9D:0F,-97,2016,1,26,12,10,19
74:DA:EA:A8:9D:0F,-97,2016,1,26,12,10,50
74:DA:EA:A8:9D:0F,-98,2016,1,26,12,13,52
74:DA:EA:A8:9D:0F,-95,2016,1,26,12,14,53
74:DA:EA:A8:9D:0F,-99,2016,1,26,12,15,24
74:DA:EA:A8:9D:0F,-94,2016,1,26,12,19,25
74:DA:EA:A8:9D:0F,-98,2016,1,26,12,19,56
74:DA:EA:A8:9D:0F,-95,2016,1,26,12,20,26
74:DA:EA:A8:9D:0F,-98,2016,1,26,12,20,56
74:DA:EA:A8:9D:0F,-95,2016,1,26,12,21,27
74:DA:EA:A8:9D:0F,-99,2016,1,26,12,23,59
74:DA:EA:A8:9D:0F,-97,2016,1,26,12,24,30
74:DA:EA:A8:9D:0F,-96,2016,1,26,12,25,31
F4:B8:5E:C4:5F:BE,-86,2016,1,26,19,59,1
F4:B8:5E:C4:5F:BE,-75,2016,1,26,19,59,32
F4:B8:5E:C4:5F:BE,-78,2016,1,26,20,0,3
F4:B8:5E:C4:5F:BE,-82,2016,1,26,20,0,34
F4:B8:5E:C4:5F:BE,-90,2016,1,26,20,1,5
F4:B8:5E:C4:5F:BE,-94,2016,1,26,20,1,36
F4:B8:5E:C4:5F:BE,-85,2016,1,26,20,2,7
F4:B8:5E:C4:5F:BE,-84,2016,1,26,20,2,38
F4:B8:5E:C4:5F:BE,-84,2016,1,26,20,3,9
F4:B8:5E:C4:5F:BE,-92,2016,1,26,20,3,39
F4:B8:5E:C4:5F:BE,-93,2016,1,26,20,4,9
F4:B8:5E:C4:5F:BE,-85,2016,1,26,20,4,39
F4:B8:5E:C4:5F:BE,-84,2016,1,26,20,5,10
F4:B8:5E:C4:5F:BE,-89,2016,1,26,20,5,41
F4:B8:5E:C4:5F:BE,-84,2016,1,26,20,6,12
F4:B8:5E:C4:5F:BE,-84,2016,1,26,20,6,43
F4:B8:5E:C4:5F:BE,-86,2016,1,26,20,7,14
F4:B8:5E:C4:5F:BE,-92,2016,1,26,20,7,44
F4:B8:5E:C4:5F:BE,-86,2016,1,26,20,8,15
F4:B8:5E:C4:5F:BE,-84,2016,1,26,20,8,45
F4:B8:5E:C4:5F:BE,-82,2016,1,26,20,9,16
F4:B8:5E:C4:5F:BE,-85,2016,1,26,20,9,47
F4:B8:5E:C4:5F:BE,-83,2016,1,26,20,10,18
F4:B8:5E:C4:5F:BE,-84,2016,1,26,20,10,49
F4:B8:5E:C4:5F:BE,-88,2016,1,26,20,11,20
F4:B8:5E:C4:5F:BE,-84,2016,1,26,20,11,51
F4:B8:5E:C4:5F:BE,-83,2016,1,26,20,12,21
F4:B8:5E:C4:5F:BE,-88,2016,1,26,20,12,51
F4:B8:5E:C4:5F:BE,-83,2016,1,26,20,13,21
F4:B8:5E:C4:5F:BE,-90,2016,1,26,20,13,51
F4:B8:5E:C4:5F:BE,-91,2016,1,26,20,14,22
F4:B8:5E:C4:5F:BE,-85,2016,1,26,20,14,53
F4:B8:5E:C4:5F:BE,-89,2016,1,26,20,15,23
F4:B8:5E:C4:5F:BE,-90,2016,1,26,20,15,54
F4:B8:5E:C4:5F:BE,-89,2016,1,26,20,16,24
F4:B8:5E:C4:5F:BE,-90,2016,1,26,20,16,54
F4:B8:5E:C4:5F:BE,-83,2016,1,26,20,17,25
F4:B8:5E:C4:5F:BE,-86,2016,1,26,20,17,56
F4:B8:5E:C4:5F:BE,-84,2016,1,26,20,18,27
F4:B8:5E:C4:5F:BE,-84,2016,1,26,20,18,57
F4:B8:5E:C4:5F:BE,-83,2016,1,26,20,19,27
F4:B8:5E:C4:5F:BE,-83,2016,1,26,20,19,57
F4:B8:5E:C4:5F:BE,-84,2016,1,26,20,20,27
F4:B8:5E:C4:5F:BE,-80,2016,1,26,20,20,58
F4:B8:5E:C4:5F:BE,-87,2016,1,26,20,21,29
F4:B8:5E:C4:5F:BE,-87,2016,1,26,20,22,0
F4:B8:5E:C4:5F:BE,-80,2016,1,26,20,22,31
F4:B8:5E:C4:5F:BE,-80,2016,1,26,20,23,2
F4:B8:5E:C4:5F:BE,-88,2016,1,26,20,23,32
F4:B8:5E:C4:5F:BE,-84,2016,1,26,20,24,2
F4:B8:5E:C4:5F:BE,-87,2016,1,26,20,24,32
F4:B8:5E:C4:5F:BE,-83,2016,1,26,20,25,3
F4:B8:5E:C4:5F:BE,-87,2016,1,26,20,25,33
F4:B8:5E:C4:5F:BE,-84,2016,1,26,20,26,4
F4:B8:5E:C4:5F:BE,-87,2016,1,26,20,26,35
F4:B8:5E:C4:5F:BE,-88,2016,1,26,20,27,6
F4:B8:5E:C4:5F:BE,-87,2016,1,26,20,27,36
F4:B8:5E:C4:5F:BE,-87,2016,1,26,20,28,7
F4:B8:5E:C4:5F:BE,-81,2016,1,26,20,28,38
F4:B8:5E:C4:5F:BE,-89,2016,1,26,20,29,9
F4:B8:5E:C4:5F:BE,-80,2016,1,26,20,29,40
F4:B8:5E:C4:5F:BE,-81,2016,1,26,20,30,10
F4:B8:5E:C4:5F:BE,-87,2016,1,26,20,30,40
F4:B8:5E:C4:5F:BE,-88,2016,1,26,20,31,11
F4:B8:5E:C4:5F:BE,-88,2016,1,26,20,31,42
F4:B8:5E:C4:5F:BE,-80,2016,1,26,20,32,13
F4:B8:5E:C4:5F:BE,-80,2016,1,26,20,32,44
F4:B8:5E:C4:5F:BE,-87,2016,1,26,20,33,14
F4:B8:5E:C4:5F:BE,-88,2016,1,26,20,33,45
F4:B8:5E:C4:5F:BE,-84,2016,1,26,20,34,16
F4:B8:5E:C4:5F:BE,-84,2016,1,26,20,34,46
F4:B8:5E:C4:5F:BE,-84,2016,1,26,20,35,16
F4:B8:5E:C4:5F:BE,-80,2016,1,26,20,35,47
F4:B8:5E:C4:5F:BE,-87,2016,1,26,20,36,18
F4:B8:5E:C4:5F:BE,-87,2016,1,26,20,36,49
F4:B8:5E:C4:5F:BE,-87,2016,1,26,20,37,19
F4:B8:5E:C4:5F:BE,-86,2016,1,26,20,37,50
F4:B8:5E:C4:5F:BE,-84,2016,1,26,20,38,21
F4:B8:5E:C4:5F:BE,-84,2016,1,26,20,38,52
F4:B8:5E:C4:5F:BE,-87,2016,1,26,20,39,23
F4:B8:5E:C4:5F:BE,-80,2016,1,26,20,39,54
F4:B8:5E:C4:5F:BE,-80,2016,1,26,20,40,24
F4:B8:5E:C4:5F:BE,-87,2016,1,26,20,40,54
F4:B8:5E:C4:5F:BE,-84,2016,1,26,20,41,25
F4:B8:5E:C4:5F:BE,-79,2016,1,26,20,41,56
F4:B8:5E:C4:5F:BE,-87,2016,1,26,20,42,27
F4:B8:5E:C4:5F:BE,-84,2016,1,26,20,42,58
F4:B8:5E:C4:5F:BE,-88,2016,1,26,20,43,28
F4:B8:5E:C4:5F:BE,-89,2016,1,26,20,43,58
F4:B8:5E:C4:5F:BE,-80,2016,1,26,20,44,29
F4:B8:5E:C4:5F:BE,-83,2016,1,26,20,44,59
F4:B8:5E:C4:5F:BE,-89,2016,1,26,20,45,29
F4:B8:5E:C4:5F:BE,-79,2016,1,26,20,45,59
F4:B8:5E:C4:5F:BE,-80,2016,1,26,20,46,30
F4:B8:5E:C4:5F:BE,-81,2016,1,26,20,47,1
