F4:B8:5E:C4:5F:BE,-94,2016,1,27,8,44,42
F4:B8:5E:C4:5F:BE,-95,2016,1,27,8,45,13
F4:B8:5E:C4:5F:BE,-97,2016,1,27,8,45,44
F4:B8:5E:C4:5F:BE,-96,2016,1,27,8,46,14
F4:B8:5E:C4:5F:BE,-97,2016,1,27,8,46,45
F4:B8:5E:C4:5F:BE,-95,2016,1,27,8,48,15
F4:B8:5E:C4:5F:BE,-96,2016,1,27,8,48,45
F4:B8:5E:C4:5F:BE,-97,2016,1,27,8,49,15
F4:B8:5E:C4:5F:BE,-89,2016,1,27,8,49,45
F4:B8:5E:C4:5F:BE,-92,2016,1,27,8,50,15
F4:B8:5E:C4:5F:BE,-94,2016,1,27,8,50,45
F4:B8:5E:C4:5F:BE,-91,2016,1,27,8,51,16
F4:B8:5E:C4:5F:BE,-93,2016,1,27,8,51,46
F4:B8:5E:C4:5F:BE,-90,2016,1,27,8,52,17
F4:B8:5E:C4:5F:BE,-89,2016,1,27,8,52,48
F4:B8:5E:C4:5F:BE,-93,2016,1,27,8,53,18
F4:B8:5E:C4:5F:BE,-94,2016,1,27,8,53,49
F4:B8:5E:C4:5F:BE,-93,2016,1,27,8,54,20
F4:B8:5E:C4:5F:BE,-91,2016,1,27,8,54,51
F4:B8:5E:C4:5F:BE,-91,2016,1,27,8,55,22
F4:B8:5E:C4:5F:BE,-94,2016,1,27,8,55,52
F4:B8:5E:C4:5F:BE,-91,2016,1,27,8,56,23
F4:B8:5E:C4:5F:BE,-90,2016,1,27,8,56,53
F4:B8:5E:C4:5F:BE,-94,2016,1,27,8,57,24
F4:B8:5E:C4:5F:BE,-92,2016,1,27,8,57,55
F4:B8:5E:C4:5F:BE,-96,2016,1,27,8,58,26
F4:B8:5E:C4:5F:BE,-91,2016,1,27,8,58,56
F4:B8:5E:C4:5F:BE,-90,2016,1,27,8,59,27
F4:B8:5E:C4:5F:BE,-87,2016,1,27,8,59,58
F4:B8:5E:C4:5F:BE,-95,2016,1,27,9,0,28
F4:B8:5E:C4:5F:BE,-97,2016,1,27,9,0,59
F4:B8:5E:C4:5F:BE,-91,2016,1,27,9,1,30
F4:B8:5E:C4:5F:BE,-90,2016,1,27,9,2,30
F4:B8:5E:C4:5F:BE,-90,2016,1,27,9,3,2
F4:B8:5E:C4:5F:BE,-92,2016,1,27,9,3,32
F4:B8:5E:C4:5F:BE,-89,2016,1,27,9,4,3
F4:B8:5E:C4:5F:BE,-94,2016,1,27,9,4,34
F4:B8:5E:C4:5F:BE,-88,2016,1,27,9,5,5
F4:B8:5E:C4:5F:BE,-96,2016,1,27,9,16,7
F4:B8:5E:C4:5F:BE,-92,2016,1,27,17,5,41
F4:B8:5E:C4:5F:BE,-95,2016,1,27,17,13,14
F4:B8:5E:C4:5F:BE,-96,2016,1,27,17,13,44
F4:B8:5E:C4:5F:BE,-92,2016,1,27,17,14,15
F4:B8:5E:C4:5F:BE,-89,2016,1,27,17,14,46
F4:B8:5E:C4:5F:BE,-90,2016,1,27,17,15,46
F4:B8:5E:C4:5F:BE,-90,2016,1,27,17,17,17
F4:B8:5E:C4:5F:BE,-91,2016,1,27,17,17,47
F4:B8:5E:C4:5F:BE,-91,2016,1,27,17,18,18
F4:B8:5E:C4:5F:BE,-91,2016,1,27,17,18,49
F4:B8:5E:C4:5F:BE,-89,2016,1,27,17,19,20
F4:B8:5E:C4:5F:BE,-94,2016,1,27,17,19,51
F4:B8:5E:C4:5F:BE,-90,2016,1,27,17,20,21
F4:B8:5E:C4:5F:BE,-91,2016,1,27,17,21,22
F4:B8:5E:C4:5F:BE,-92,2016,1,27,17,21,53
F4:B8:5E:C4:5F:BE,-91,2016,1,27,17,22,23
F4:B8:5E:C4:5F:BE,-90,2016,1,27,17,22,53
F4:B8:5E:C4:5F:BE,-91,2016,1,27,17,23,24
F4:B8:5E:C4:5F:BE,-90,2016,1,27,17,23,55
F4:B8:5E:C4:5F:BE,-91,2016,1,27,17,24,26
F4:B8:5E:C4:5F:BE,-90,2016,1,27,17,24,56
F4:B8:5E:C4:5F:BE,-91,2016,1,27,17,25,26
F4:B8:5E:C4:5F:BE,-92,2016,1,27,17,25,57
F4:B8:5E:C4:5F:BE,-90,2016,1,27,17,26,28
F4:B8:5E:C4:5F:BE,-91,2016,1,27,17,26,59
F4:B8:5E:C4:5F:BE,-92,2016,1,27,17,27,30
F4:B8:5E:C4:5F:BE,-90,2016,1,27,17,28,0
F4:B8:5E:C4:5F:BE,-90,2016,1,27,17,28,30
F4:B8:5E:C4:5F:BE,-91,2016,1,27,17,29,1
F4:B8:5E:C4:5F:BE,-91,2016,1,27,17,29,32
F4:B8:5E:C4:5F:BE,-92,2016,1,27,17,30,3
F4:B8:5E:C4:5F:BE,-92,2016,1,27,17,30,34
F4:B8:5E:C4:5F:BE,-92,2016,1,27,17,31,4
F4:B8:5E:C4:5F:BE,-92,2016,1,27,17,31,34
F4:B8:5E:C4:5F:BE,-91,2016,1,27,17,32,4
F4:B8:5E:C4:5F:BE,-90,2016,1,27,17,32,34
F4:B8:5E:C4:5F:BE,-93,2016,1,27,17,33,4
F4:B8:5E:C4:5F:BE,-90,2016,1,27,17,33,34
F4:B8:5E:C4:5F:BE,-97,2016,1,27,17,34,36
F4:B8:5E:C4:5F:BE,-99,2016,1,27,17,35,7
F4:B8:5E:C4:5F:BE,-98,2016,1,27,17,37,37
F4:B8:5E:C4:5F:BE,-97,2016,1,27,17,38,38
F4:B8:5E:C4:5F:BE,-98,2016,1,27,17,39,9
F4:B8:5E:C4:5F:BE,-94,2016,1,27,17,39,40
F4:B8:5E:C4:5F:BE,-95,2016,1,27,17,40,11
F4:B8:5E:C4:5F:BE,-93,2016,1,27,17,40,42
F4:B8:5E:C4:5F:BE,-94,2016,1,27,17,41,43
F4:B8:5E:C4:5F:BE,-96,2016,1,27,17,42,14
F4:B8:5E:C4:5F:BE,-95,2016,1,27,17,42,44
F4:B8:5E:C4:5F:BE,-96,2016,1,27,17,43,14
F4:B8:5E:C4:5F:BE,-94,2016,1,27,17,43,44
F4:B8:5E:C4:5F:BE,-96,2016,1,27,17,44,14
F4:B8:5E:C4:5F:BE,-96,2016,1,27,17,44,44
F4:B8:5E:C4:5F:BE,-94,2016,1,27,17,45,15
F4:B8:5E:C4:5F:BE,-95,2016,1,27,17,45,45
F4:B8:5E:C4:5F:BE,-95,2016,1,27,17,46,15
F4:B8:5E:C4:5F:BE,-95,2016,1,27,17,46,45
F4:B8:5E:C4:5F:BE,-92,2016,1,27,17,47,15
F4:B8:5E:C4:5F:BE,-94,2016,1,27,17,47,46
F4:B8:5E:C4:5F:BE,-92,2016,1,27,17,48,17
F4:B8:5E:C4:5F:BE,-93,2016,1,27,17,48,47
