F4:B8:5E:C4:5F:8C,-89,2016,1,27,17,20,10
F4:B8:5E:C4:5F:BE,-81,2016,1,27,17,20,10
F4:B8:5E:DD:42:D2,-84,2016,1,27,17,20,10
F4:B8:5E:C4:56:3D,-71,2016,1,27,17,20,10
F4:B8:5E:DC:B5:DD,-71,2016,1,27,17,20,10
F4:B8:5E:C4:5F:8C,-87,2016,1,27,17,20,41
F4:B8:5E:C4:5F:BE,-77,2016,1,27,17,20,41
F4:B8:5E:DD:42:D2,-74,2016,1,27,17,20,41
F4:B8:5E:C4:56:3D,-76,2016,1,27,17,20,41
F4:B8:5E:DC:B5:DD,-76,2016,1,27,17,20,41
F4:B8:5E:C4:5F:BE,-78,2016,1,27,17,21,12
F4:B8:5E:C4:5F:8C,-75,2016,1,27,17,21,12
F4:B8:5E:DD:42:D2,-73,2016,1,27,17,21,12
F4:B8:5E:C4:56:3D,-67,2016,1,27,17,21,12
F4:B8:5E:DC:B5:DD,-74,2016,1,27,17,21,12
F4:B8:5E:C4:5F:BE,-75,2016,1,27,17,21,42
F4:B8:5E:C4:5F:8C,-77,2016,1,27,17,21,42
F4:B8:5E:DD:42:D2,-75,2016,1,27,17,21,42
F4:B8:5E:C4:56:3D,-74,2016,1,27,17,21,42
F4:B8:5E:DC:B5:DD,-77,2016,1,27,17,21,42
F4:B8:5E:C4:5F:8C,-74,2016,1,27,17,22,12
F4:B8:5E:C4:5F:BE,-76,2016,1,27,17,22,12
F4:B8:5E:DD:42:D2,-79,2016,1,27,17,22,12
F4:B8:5E:C4:56:3D,-70,2016,1,27,17,22,12
F4:B8:5E:DC:B5:DD,-77,2016,1,27,17,22,12
F4:B8:5E:C4:5F:8C,-75,2016,1,27,17,22,42
F4:B8:5E:C4:5F:BE,-76,2016,1,27,17,22,42
F4:B8:5E:DD:42:D2,-79,2016,1,27,17,22,42
F4:B8:5E:C4:56:3D,-70,2016,1,27,17,22,42
F4:B8:5E:DC:B5:DD,-77,2016,1,27,17,22,42
F4:B8:5E:C4:5F:BE,-79,2016,1,27,17,23,13
F4:B8:5E:C4:5F:8C,-76,2016,1,27,17,23,13
F4:B8:5E:DD:42:D2,-71,2016,1,27,17,23,13
F4:B8:5E:C4:56:3D,-70,2016,1,27,17,23,13
F4:B8:5E:DC:B5:DD,-78,2016,1,27,17,23,13
F4:B8:5E:C4:5F:8C,-79,2016,1,28,7,38,37
F4:B8:5E:C4:5F:BE,-80,2016,1,28,7,38,37
F4:B8:5E:DD:42:D2,-84,2016,1,28,7,38,37
F4:B8:5E:C4:56:3D,-76,2016,1,28,7,38,37
F4:B8:5E:DC:B5:DD,-79,2016,1,28,7,38,37
F4:B8:5E:C4:5F:8C,-77,2016,1,28,7,39,8
F4:B8:5E:C4:5F:BE,-81,2016,1,28,7,39,8
F4:B8:5E:DD:42:D2,-72,2016,1,28,7,39,8
F4:B8:5E:C4:56:3D,-76,2016,1,28,7,39,8
F4:B8:5E:DC:B5:DD,-80,2016,1,28,7,39,8
F4:B8:5E:C4:5F:8C,-76,2016,1,28,7,39,38
F4:B8:5E:C4:5F:BE,-70,2016,1,28,7,39,38
F4:B8:5E:DD:42:D2,-84,2016,1,28,7,39,38
F4:B8:5E:C4:56:3D,-68,2016,1,28,7,39,38
F4:B8:5E:DC:B5:DD,-81,2016,1,28,7,39,38
F4:B8:5E:C4:5F:BE,-87,2016,1,28,7,40,9
F4:B8:5E:C4:5F:8C,-83,2016,1,28,7,40,9
F4:B8:5E:DD:42:D2,-76,2016,1,28,7,40,9
F4:B8:5E:C4:56:3D,-82,2016,1,28,7,40,9
F4:B8:5E:DC:B5:DD,-79,2016,1,28,7,40,9
F4:B8:5E:C4:5F:8C,-87,2016,1,28,7,40,40
F4:B8:5E:C4:5F:BE,-82,2016,1,28,7,40,40
F4:B8:5E:DD:42:D2,-77,2016,1,28,7,40,40
F4:B8:5E:C4:56:3D,-83,2016,1,28,7,40,40
F4:B8:5E:DC:B5:DD,-81,2016,1,28,7,40,40
F4:B8:5E:C4:5F:8C,-80,2016,1,28,7,41,10
F4:B8:5E:C4:5F:BE,-85,2016,1,28,7,41,10
F4:B8:5E:DD:42:D2,-85,2016,1,28,7,41,10
F4:B8:5E:C4:56:3D,-83,2016,1,28,7,41,10
F4:B8:5E:DC:B5:DD,-80,2016,1,28,7,41,10
F4:B8:5E:C4:5F:BE,-76,2016,1,28,7,41,41
F4:B8:5E:C4:5F:8C,-92,2016,1,28,7,41,41
F4:B8:5E:DD:42:D2,-94,2016,1,28,7,41,41
F4:B8:5E:C4:56:3D,-67,2016,1,28,7,41,41
F4:B8:5E:DC:B5:DD,-87,2016,1,28,7,41,41
F4:B8:5E:C4:5F:BE,-76,2016,1,28,7,42,12
F4:B8:5E:C4:5F:8C,-92,2016,1,28,7,42,12
F4:B8:5E:DD:42:D2,-74,2016,1,28,7,42,12
F4:B8:5E:C4:56:3D,-82,2016,1,28,7,42,12
F4:B8:5E:DC:B5:DD,-84,2016,1,28,7,42,12
F4:B8:5E:C4:5F:BE,-76,2016,1,28,7,42,42
F4:B8:5E:C4:5F:8C,-87,2016,1,28,7,42,42
F4:B8:5E:DD:42:D2,-92,2016,1,28,7,42,42
F4:B8:5E:C4:56:3D,-83,2016,1,28,7,42,42
F4:B8:5E:DC:B5:DD,-85,2016,1,28,7,42,42
F4:B8:5E:C4:5F:8C,-86,2016,1,28,7,43,12
F4:B8:5E:C4:5F:BE,-71,2016,1,28,7,43,12
F4:B8:5E:DD:42:D2,-75,2016,1,28,7,43,12
F4:B8:5E:C4:56:3D,-68,2016,1,28,7,43,12
F4:B8:5E:DC:B5:DD,-84,2016,1,28,7,43,12
F4:B8:5E:C4:5F:8C,-86,2016,1,28,7,43,42
F4:B8:5E:C4:5F:BE,-72,2016,1,28,7,43,42
F4:B8:5E:DD:42:D2,-81,2016,1,28,7,43,42
F4:B8:5E:C4:56:3D,-73,2016,1,28,7,43,42
F4:B8:5E:DC:B5:DD,-85,2016,1,28,7,43,42
F4:B8:5E:C4:5F:8C,-87,2016,1,28,7,44,13
F4:B8:5E:C4:5F:BE,-77,2016,1,28,7,44,13
F4:B8:5E:DD:42:D2,-81,2016,1,28,7,44,13
F4:B8:5E:C4:56:3D,-82,2016,1,28,7,44,13
F4:B8:5E:DC:B5:DD,-85,2016,1,28,7,44,13
F4:B8:5E:C4:5F:8C,-83,2016,1,28,7,44,44
F4:B8:5E:C4:5F:BE,-71,2016,1,28,7,44,44
F4:B8:5E:DD:42:D2,-81,2016,1,28,7,44,44
F4:B8:5E:C4:56:3D,-83,2016,1,28,7,44,44
F4:B8:5E:DC:B5:DD,-83,2016,1,28,7,44,44
F4:B8:5E:C4:5F:8C,-89,2016,1,28,7,45,15
F4:B8:5E:C4:5F:BE,-70,2016,1,28,7,45,15
F4:B8:5E:DD:42:D2,-92,2016,1,28,7,45,15
F4:B8:5E:C4:56:3D,-67,2016,1,28,7,45,15
F4:B8:5E:DC:B5:DD,-87,2016,1,28,7,45,15
F4:B8:5E:C4:5F:8C,-81,2016,1,28,7,45,45
F4:B8:5E:C4:5F:BE,-80,2016,1,28,7,45,45
F4:B8:5E:DD:42:D2,-80,2016,1,28,7,45,45
F4:B8:5E:C4:56:3D,-70,2016,1,28,7,45,45
F4:B8:5E:DC:B5:DD,-83,2016,1,28,7,45,45
F4:B8:5E:C4:5F:8C,-82,2016,1,28,7,46,16
F4:B8:5E:C4:5F:BE,-75,2016,1,28,7,46,16
F4:B8:5E:DD:42:D2,-87,2016,1,28,7,46,16
F4:B8:5E:C4:56:3D,-84,2016,1,28,7,46,16
F4:B8:5E:DC:B5:DD,-84,2016,1,28,7,46,16
F4:B8:5E:C4:5F:BE,-74,2016,1,28,7,46,47
F4:B8:5E:C4:5F:8C,-85,2016,1,28,7,46,47
F4:B8:5E:DD:42:D2,-90,2016,1,28,7,46,47
F4:B8:5E:C4:56:3D,-74,2016,1,28,7,46,47
F4:B8:5E:DC:B5:DD,-86,2016,1,28,7,46,47
F4:B8:5E:C4:5F:8C,-82,2016,1,28,7,47,17
F4:B8:5E:C4:5F:BE,-88,2016,1,28,7,47,17
F4:B8:5E:DD:42:D2,-89,2016,1,28,7,47,17
F4:B8:5E:C4:56:3D,-74,2016,1,28,7,47,17
F4:B8:5E:DC:B5:DD,-78,2016,1,28,7,47,17
F4:B8:5E:C4:5F:8C,-81,2016,1,28,7,47,48
F4:B8:5E:C4:5F:BE,-87,2016,1,28,7,47,48
F4:B8:5E:DD:42:D2,-79,2016,1,28,7,47,48
F4:B8:5E:C4:56:3D,-69,2016,1,28,7,47,48
F4:B8:5E:DC:B5:DD,-85,2016,1,28,7,47,48
F4:B8:5E:C4:5F:8C,-82,2016,1,28,7,48,18
F4:B8:5E:C4:5F:BE,-75,2016,1,28,7,48,18
F4:B8:5E:DD:42:D2,-90,2016,1,28,7,48,18
F4:B8:5E:C4:56:3D,-73,2016,1,28,7,48,18
F4:B8:5E:DC:B5:DD,-83,2016,1,28,7,48,18
F4:B8:5E:C4:5F:8C,-82,2016,1,28,7,48,48
F4:B8:5E:C4:5F:BE,-87,2016,1,28,7,48,48
F4:B8:5E:DD:42:D2,-89,2016,1,28,7,48,48
F4:B8:5E:C4:56:3D,-69,2016,1,28,7,48,48
F4:B8:5E:DC:B5:DD,-85,2016,1,28,7,48,48
F4:B8:5E:C4:5F:8C,-82,2016,1,28,7,49,19
F4:B8:5E:C4:5F:BE,-87,2016,1,28,7,49,19
F4:B8:5E:DD:42:D2,-79,2016,1,28,7,49,19
F4:B8:5E:C4:56:3D,-68,2016,1,28,7,49,19
F4:B8:5E:DC:B5:DD,-85,2016,1,28,7,49,19
F4:B8:5E:C4:5F:8C,-83,2016,1,28,7,49,50
F4:B8:5E:C4:5F:BE,-86,2016,1,28,7,49,50
F4:B8:5E:DD:42:D2,-78,2016,1,28,7,49,50
F4:B8:5E:C4:56:3D,-74,2016,1,28,7,49,50
F4:B8:5E:DC:B5:DD,-79,2016,1,28,7,49,50
F4:B8:5E:C4:5F:8C,-82,2016,1,28,7,50,21
F4:B8:5E:C4:5F:BE,-76,2016,1,28,7,50,21
F4:B8:5E:DD:42:D2,-80,2016,1,28,7,50,21
F4:B8:5E:C4:56:3D,-90,2016,1,28,7,50,21
F4:B8:5E:DC:B5:DD,-83,2016,1,28,7,50,21
F4:B8:5E:C4:5F:8C,-74,2016,1,28,7,50,52
F4:B8:5E:C4:5F:BE,-76,2016,1,28,7,50,52
F4:B8:5E:DD:42:D2,-74,2016,1,28,7,50,52
F4:B8:5E:C4:56:3D,-73,2016,1,28,7,50,52
F4:B8:5E:DC:B5:DD,-73,2016,1,28,7,50,52
F4:B8:5E:C4:5F:8C,-86,2016,1,28,7,51,23
F4:B8:5E:C4:5F:BE,-84,2016,1,28,7,51,23
F4:B8:5E:DD:42:D2,-76,2016,1,28,7,51,23
F4:B8:5E:C4:56:3D,-80,2016,1,28,7,51,23
F4:B8:5E:DC:B5:DD,-76,2016,1,28,7,51,23
F4:B8:5E:C4:5F:BE,-89,2016,1,28,7,51,53
F4:B8:5E:C4:5F:8C,-91,2016,1,28,7,51,53
F4:B8:5E:DD:42:D2,-82,2016,1,28,7,51,53
F4:B8:5E:C4:56:3D,-93,2016,1,28,7,51,53
F4:B8:5E:DC:B5:DD,-92,2016,1,28,7,51,53
F4:B8:5E:C4:5F:BE,-95,2016,1,28,7,52,23
F4:B8:5E:DD:42:D2,-90,2016,1,28,7,52,23
F4:B8:5E:DC:B5:DD,-87,2016,1,28,7,52,23
F4:B8:5E:C4:5F:BE,-93,2016,1,28,7,52,53
F4:B8:5E:DD:42:D2,-91,2016,1,28,7,52,53
F4:B8:5E:C4:56:3D,-97,2016,1,28,7,52,53
F4:B8:5E:DC:B5:DD,-86,2016,1,28,7,52,53
F4:B8:5E:C4:5F:BE,-94,2016,1,28,7,53,23
F4:B8:5E:DD:42:D2,-93,2016,1,28,7,53,23
F4:B8:5E:C4:56:3D,-98,2016,1,28,7,53,23
F4:B8:5E:DC:B5:DD,-88,2016,1,28,7,53,23
F4:B8:5E:C4:5F:BE,-87,2016,1,28,7,53,53
F4:B8:5E:DD:42:D2,-93,2016,1,28,7,53,53
F4:B8:5E:DC:B5:DD,-91,2016,1,28,7,53,53
F4:B8:5E:C4:5F:BE,-94,2016,1,28,7,54,23
F4:B8:5E:DD:42:D2,-91,2016,1,28,7,54,23
F4:B8:5E:C4:56:3D,-99,2016,1,28,7,54,23
F4:B8:5E:DC:B5:DD,-91,2016,1,28,7,54,23
F4:B8:5E:C4:5F:BE,-97,2016,1,28,7,54,54
F4:B8:5E:DD:42:D2,-90,2016,1,28,7,54,54
F4:B8:5E:DC:B5:DD,-91,2016,1,28,7,54,54
F4:B8:5E:C4:5F:BE,-95,2016,1,28,7,55,25
F4:B8:5E:DD:42:D2,-92,2016,1,28,7,55,25
F4:B8:5E:C4:56:3D,-99,2016,1,28,7,55,25
F4:B8:5E:DC:B5:DD,-91,2016,1,28,7,55,25
F4:B8:5E:C4:5F:BE,-93,2016,1,28,7,55,55
F4:B8:5E:DD:42:D2,-92,2016,1,28,7,55,55
F4:B8:5E:C4:56:3D,-97,2016,1,28,7,55,55
F4:B8:5E:DC:B5:DD,-91,2016,1,28,7,55,55
F4:B8:5E:C4:5F:BE,-87,2016,1,28,7,56,26
F4:B8:5E:DD:42:D2,-94,2016,1,28,7,56,26
F4:B8:5E:C4:56:3D,-96,2016,1,28,7,56,26
F4:B8:5E:DC:B5:DD,-91,2016,1,28,7,56,26
F4:B8:5E:C4:5F:8C,-93,2016,1,28,7,56,57
F4:B8:5E:C4:5F:BE,-83,2016,1,28,7,56,57
F4:B8:5E:DD:42:D2,-85,2016,1,28,7,56,57
F4:B8:5E:C4:56:3D,-93,2016,1,28,7,56,57
F4:B8:5E:DC:B5:DD,-89,2016,1,28,7,56,57
F4:B8:5E:C4:5F:BE,-93,2016,1,28,7,57,28
F4:B8:5E:C4:5F:8C,-88,2016,1,28,7,57,28
F4:B8:5E:DD:42:D2,-82,2016,1,28,7,57,28
F4:B8:5E:C4:56:3D,-82,2016,1,28,7,57,28
F4:B8:5E:DC:B5:DD,-93,2016,1,28,7,57,28
F4:B8:5E:C4:5F:8C,-98,2016,1,28,7,57,59
F4:B8:5E:C4:5F:BE,-93,2016,1,28,7,57,59
F4:B8:5E:DD:42:D2,-89,2016,1,28,7,57,59
F4:B8:5E:C4:56:3D,-96,2016,1,28,7,57,59
F4:B8:5E:DC:B5:DD,-93,2016,1,28,7,57,59
F4:B8:5E:C4:5F:8C,-92,2016,1,28,7,58,29
F4:B8:5E:C4:5F:BE,-85,2016,1,28,7,58,29
F4:B8:5E:DD:42:D2,-91,2016,1,28,7,58,29
F4:B8:5E:C4:56:3D,-83,2016,1,28,7,58,29
F4:B8:5E:DC:B5:DD,-90,2016,1,28,7,58,29
F4:B8:5E:C4:5F:8C,-94,2016,1,28,7,58,59
F4:B8:5E:C4:5F:BE,-94,2016,1,28,7,58,59
F4:B8:5E:DD:42:D2,-94,2016,1,28,7,58,59
F4:B8:5E:C4:56:3D,-94,2016,1,28,7,58,59
F4:B8:5E:DC:B5:DD,-95,2016,1,28,7,58,59
F4:B8:5E:C4:5F:8C,-93,2016,1,28,7,59,29
F4:B8:5E:C4:5F:BE,-93,2016,1,28,7,59,29
F4:B8:5E:DD:42:D2,-89,2016,1,28,7,59,29
F4:B8:5E:C4:56:3D,-97,2016,1,28,7,59,29
F4:B8:5E:DC:B5:DD,-89,2016,1,28,7,59,29
F4:B8:5E:C4:5F:BE,-93,2016,1,28,7,59,59
F4:B8:5E:C4:5F:8C,-92,2016,1,28,7,59,59
F4:B8:5E:DD:42:D2,-92,2016,1,28,7,59,59
F4:B8:5E:C4:56:3D,-94,2016,1,28,7,59,59
F4:B8:5E:DC:B5:DD,-93,2016,1,28,7,59,59
F4:B8:5E:C4:5F:BE,-95,2016,1,28,8,0,29
F4:B8:5E:C4:5F:8C,-94,2016,1,28,8,0,29
F4:B8:5E:DD:42:D2,-90,2016,1,28,8,0,29
F4:B8:5E:C4:56:3D,-99,2016,1,28,8,0,29
F4:B8:5E:DC:B5:DD,-92,2016,1,28,8,0,29
F4:B8:5E:C4:5F:BE,-96,2016,1,28,8,1,0
F4:B8:5E:C4:5F:8C,-90,2016,1,28,8,1,0
F4:B8:5E:DD:42:D2,-93,2016,1,28,8,1,0
F4:B8:5E:C4:56:3D,-91,2016,1,28,8,1,0
F4:B8:5E:DC:B5:DD,-92,2016,1,28,8,1,0
F4:B8:5E:C4:5F:8C,-98,2016,1,28,8,1,31
F4:B8:5E:C4:5F:BE,-97,2016,1,28,8,1,31
F4:B8:5E:DD:42:D2,-89,2016,1,28,8,1,31
F4:B8:5E:C4:56:3D,-90,2016,1,28,8,1,31
F4:B8:5E:DC:B5:DD,-92,2016,1,28,8,1,31
F4:B8:5E:C4:5F:BE,-88,2016,1,28,8,2,2
F4:B8:5E:DD:42:D2,-95,2016,1,28,8,2,2
F4:B8:5E:C4:56:3D,-98,2016,1,28,8,2,2
F4:B8:5E:DC:B5:DD,-94,2016,1,28,8,2,2
F4:B8:5E:C4:5F:8C,-90,2016,1,28,8,2,33
F4:B8:5E:C4:5F:BE,-93,2016,1,28,8,2,33
F4:B8:5E:DD:42:D2,-92,2016,1,28,8,2,33
F4:B8:5E:C4:56:3D,-95,2016,1,28,8,2,33
F4:B8:5E:DC:B5:DD,-96,2016,1,28,8,2,33
F4:B8:5E:C4:5F:8C,-102,2016,1,28,8,3,4
F4:B8:5E:C4:5F:BE,-82,2016,1,28,8,3,4
F4:B8:5E:DD:42:D2,-94,2016,1,28,8,3,4
F4:B8:5E:C4:56:3D,-91,2016,1,28,8,3,4
F4:B8:5E:DC:B5:DD,-93,2016,1,28,8,3,4
F4:B8:5E:C4:5F:BE,-94,2016,1,28,8,3,35
F4:B8:5E:DD:42:D2,-91,2016,1,28,8,3,35
F4:B8:5E:C4:56:3D,-89,2016,1,28,8,3,35
F4:B8:5E:DD:42:D2,-92,2016,1,28,9,32,54
F4:B8:5E:DD:42:D2,-93,2016,1,28,9,35,24
F4:B8:5E:DC:B5:DD,-92,2016,1,28,9,35,24
F4:B8:5E:DD:42:D2,-97,2016,1,28,9,37,26
F4:B8:5E:DD:42:D2,-99,2016,1,28,9,39,56
F4:B8:5E:DD:42:D2,-98,2016,1,28,9,40,26
F4:B8:5E:DD:42:D2,-96,2016,1,28,9,40,57
F4:B8:5E:C4:5F:8C,-95,2016,1,28,9,41,27
F4:B8:5E:DD:42:D2,-98,2016,1,28,9,41,27
F4:B8:5E:DC:B5:DD,-99,2016,1,28,9,41,27
F4:B8:5E:DD:42:D2,-96,2016,1,28,9,41,57
F4:B8:5E:DC:B5:DD,-94,2016,1,28,9,41,57
F4:B8:5E:DD:42:D2,-99,2016,1,28,9,42,29
F4:B8:5E:DC:B5:DD,-94,2016,1,28,9,42,29
F4:B8:5E:C4:5F:8C,-92,2016,1,28,9,46,30
F4:B8:5E:C4:5F:8C,-98,2016,1,28,9,47,1
F4:B8:5E:DC:B5:DD,-88,2016,1,28,9,47,1
F4:B8:5E:DC:B5:DD,-94,2016,1,28,9,47,32
F4:B8:5E:DD:42:D2,-101,2016,1,28,9,53,34
F4:B8:5E:C4:5F:8C,-98,2016,1,28,9,55,5
F4:B8:5E:C4:5F:8C,-95,2016,1,28,9,55,35
F4:B8:5E:C4:5F:8C,-92,2016,1,28,9,56,5
F4:B8:5E:DC:B5:DD,-91,2016,1,28,9,56,5
F4:B8:5E:C4:5F:8C,-99,2016,1,28,9,56,35
F4:B8:5E:DC:B5:DD,-92,2016,1,28,9,56,35
F4:B8:5E:C4:5F:8C,-93,2016,1,28,9,57,5
F4:B8:5E:C4:5F:8C,-94,2016,1,28,9,57,35
F4:B8:5E:DC:B5:DD,-100,2016,1,28,9,57,35
F4:B8:5E:C4:5F:8C,-93,2016,1,28,9,58,6
F4:B8:5E:C4:5F:8C,-87,2016,1,28,9,59,6
F4:B8:5E:DC:B5:DD,-92,2016,1,28,10,8,8
F4:B8:5E:DC:B5:DD,-92,2016,1,28,10,12,39
F4:B8:5E:DC:B5:DD,-94,2016,1,28,10,13,40
F4:B8:5E:DC:B5:DD,-92,2016,1,28,10,15,40
F4:B8:5E:DC:B5:DD,-92,2016,1,28,10,16,40
F4:B8:5E:DC:B5:DD,-97,2016,1,28,10,17,41
F4:B8:5E:DC:B5:DD,-94,2016,1,28,10,31,14
F4:B8:5E:DC:B5:DD,-98,2016,1,28,10,32,14
F4:B8:5E:DC:B5:DD,-98,2016,1,28,10,34,46
F4:B8:5E:DC:B5:DD,-88,2016,1,28,10,36,46
F4:B8:5E:C4:5F:8C,-95,2016,1,28,10,45,19
F4:B8:5E:DC:B5:DD,-96,2016,1,28,10,46,19
F4:B8:5E:DC:B5:DD,-101,2016,1,28,10,52,50
F4:B8:5E:DC:B5:DD,-97,2016,1,28,10,54,52
F4:B8:5E:DC:B5:DD,-93,2016,1,28,10,59,24
F4:B8:5E:DC:B5:DD,-98,2016,1,28,11,5,26
F4:B8:5E:DC:B5:DD,-96,2016,1,28,11,5,56
F4:B8:5E:DC:B5:DD,-91,2016,1,28,11,6,26
F4:B8:5E:DC:B5:DD,-91,2016,1,28,11,6,57
F4:B8:5E:C4:56:3D,-91,2016,1,28,16,35,33
F4:B8:5E:C4:56:3D,-87,2016,1,28,16,36,4
F4:B8:5E:DC:B5:DD,-89,2016,1,28,16,36,4
F4:B8:5E:C4:56:3D,-89,2016,1,28,16,36,35
F4:B8:5E:C4:56:3D,-88,2016,1,28,16,37,6
F4:B8:5E:DC:B5:DD,-87,2016,1,28,16,37,6
F4:B8:5E:C4:56:3D,-91,2016,1,28,16,37,37
F4:B8:5E:DC:B5:DD,-98,2016,1,28,16,37,37
F4:B8:5E:C4:56:3D,-92,2016,1,28,16,38,7
F4:B8:5E:C4:56:3D,-85,2016,1,28,16,38,37
F4:B8:5E:C4:56:3D,-87,2016,1,28,16,39,7
F4:B8:5E:DC:B5:DD,-96,2016,1,28,16,39,7
F4:B8:5E:C4:56:3D,-93,2016,1,28,16,39,38
F4:B8:5E:C4:56:3D,-88,2016,1,28,16,40,8
F4:B8:5E:C4:56:3D,-82,2016,1,28,16,40,39
F4:B8:5E:C4:56:3D,-82,2016,1,28,16,41,10
F4:B8:5E:C4:56:3D,-90,2016,1,28,16,41,41
F4:B8:5E:C4:56:3D,-84,2016,1,28,16,42,12
F4:B8:5E:C4:56:3D,-88,2016,1,28,16,42,43
F4:B8:5E:C4:56:3D,-86,2016,1,28,16,43,13
F4:B8:5E:C4:56:3D,-79,2016,1,28,16,43,44
F4:B8:5E:C4:56:3D,-85,2016,1,28,16,44,15
F4:B8:5E:C4:56:3D,-84,2016,1,28,16,44,45
F4:B8:5E:C4:56:3D,-88,2016,1,28,16,45,15
F4:B8:5E:C4:56:3D,-84,2016,1,28,16,45,45
F4:B8:5E:C4:56:3D,-84,2016,1,28,16,46,16
F4:B8:5E:C4:56:3D,-80,2016,1,28,16,46,47
F4:B8:5E:C4:56:3D,-86,2016,1,28,16,47,18
F4:B8:5E:C4:56:3D,-83,2016,1,28,16,47,49
F4:B8:5E:C4:56:3D,-83,2016,1,28,16,48,20
F4:B8:5E:C4:56:3D,-87,2016,1,28,16,48,51
F4:B8:5E:C4:56:3D,-83,2016,1,28,16,49,21
F4:B8:5E:C4:56:3D,-83,2016,1,28,16,49,51
F4:B8:5E:C4:56:3D,-83,2016,1,28,16,50,21
F4:B8:5E:C4:56:3D,-79,2016,1,28,16,50,51
F4:B8:5E:C4:56:3D,-84,2016,1,28,16,51,22
F4:B8:5E:C4:56:3D,-83,2016,1,28,16,51,53
F4:B8:5E:C4:56:3D,-79,2016,1,28,16,52,24
F4:B8:5E:C4:56:3D,-77,2016,1,28,16,52,55
F4:B8:5E:C4:56:3D,-88,2016,1,28,16,53,26
F4:B8:5E:C4:56:3D,-83,2016,1,28,16,53,57
F4:B8:5E:C4:56:3D,-88,2016,1,28,16,54,27
F4:B8:5E:C4:56:3D,-88,2016,1,28,16,54,57
F4:B8:5E:C4:56:3D,-78,2016,1,28,16,55,27
F4:B8:5E:C4:56:3D,-78,2016,1,28,16,55,58
F4:B8:5E:C4:56:3D,-88,2016,1,28,16,56,29
F4:B8:5E:C4:56:3D,-84,2016,1,28,16,57,0
F4:B8:5E:C4:56:3D,-87,2016,1,28,16,57,31
F4:B8:5E:C4:56:3D,-83,2016,1,28,16,58,2
F4:B8:5E:C4:56:3D,-79,2016,1,28,16,58,33
F4:B8:5E:C4:56:3D,-83,2016,1,28,16,59,4
F4:B8:5E:C4:56:3D,-87,2016,1,28,16,59,34
F4:B8:5E:C4:56:3D,-79,2016,1,28,17,0,4
F4:B8:5E:C4:56:3D,-83,2016,1,28,17,0,34
F4:B8:5E:C4:56:3D,-87,2016,1,28,17,1,4
F4:B8:5E:C4:56:3D,-79,2016,1,28,17,1,35
F4:B8:5E:C4:56:3D,-86,2016,1,28,17,2,6
F4:B8:5E:C4:56:3D,-77,2016,1,28,17,2,37
F4:B8:5E:C4:56:3D,-78,2016,1,28,17,3,7
F4:B8:5E:C4:56:3D,-87,2016,1,28,17,3,38
F4:B8:5E:C4:56:3D,-87,2016,1,28,17,4,9
F4:B8:5E:C4:56:3D,-78,2016,1,28,17,4,40
F4:B8:5E:C4:56:3D,-88,2016,1,28,17,5,10
F4:B8:5E:C4:56:3D,-78,2016,1,28,17,5,40
F4:B8:5E:C4:56:3D,-87,2016,1,28,17,6,10
F4:B8:5E:C4:56:3D,-88,2016,1,28,17,6,41
F4:B8:5E:C4:56:3D,-84,2016,1,28,17,7,12
F4:B8:5E:C4:56:3D,-84,2016,1,28,17,7,43
F4:B8:5E:C4:56:3D,-84,2016,1,28,17,8,14
F4:B8:5E:C4:56:3D,-84,2016,1,28,17,8,45
F4:B8:5E:C4:56:3D,-87,2016,1,28,17,9,16
F4:B8:5E:C4:56:3D,-79,2016,1,28,17,9,46
F4:B8:5E:C4:56:3D,-84,2016,1,28,17,10,17
F4:B8:5E:C4:56:3D,-79,2016,1,28,17,10,47
F4:B8:5E:C4:56:3D,-88,2016,1,28,17,11,17
F4:B8:5E:C4:56:3D,-84,2016,1,28,17,11,48
F4:B8:5E:C4:56:3D,-87,2016,1,28,17,12,19
F4:B8:5E:C4:56:3D,-88,2016,1,28,17,12,49
F4:B8:5E:C4:56:3D,-78,2016,1,28,17,13,20
F4:B8:5E:C4:56:3D,-79,2016,1,28,17,13,51
F4:B8:5E:C4:56:3D,-87,2016,1,28,17,14,22
F4:B8:5E:C4:56:3D,-84,2016,1,28,17,14,52
F4:B8:5E:C4:56:3D,-87,2016,1,28,17,15,22
F4:B8:5E:C4:56:3D,-84,2016,1,28,17,15,53
F4:B8:5E:C4:56:3D,-78,2016,1,28,17,16,24
F4:B8:5E:C4:56:3D,-87,2016,1,28,17,16,55
F4:B8:5E:C4:56:3D,-87,2016,1,28,17,17,26
F4:B8:5E:C4:56:3D,-87,2016,1,28,17,17,57
F4:B8:5E:C4:56:3D,-78,2016,1,28,17,18,28
F4:B8:5E:C4:56:3D,-88,2016,1,28,17,18,59
F4:B8:5E:C4:56:3D,-79,2016,1,28,17,19,29
F4:B8:5E:C4:56:3D,-79,2016,1,28,17,19,59
F4:B8:5E:C4:56:3D,-84,2016,1,28,17,20,29
F4:B8:5E:C4:56:3D,-86,2016,1,28,17,20,59
F4:B8:5E:C4:56:3D,-79,2016,1,28,17,21,29
F4:B8:5E:C4:56:3D,-77,2016,1,28,17,22,0
F4:B8:5E:C4:56:3D,-76,2016,1,28,17,22,31
F4:B8:5E:C4:56:3D,-77,2016,1,28,17,23,2
F4:B8:5E:C4:56:3D,-77,2016,1,28,17,23,32
F4:B8:5E:C4:56:3D,-82,2016,1,28,17,24,3
F4:B8:5E:C4:56:3D,-88,2016,1,28,17,24,34
F4:B8:5E:C4:56:3D,-91,2016,1,28,17,25,4
F4:B8:5E:C4:56:3D,-96,2016,1,28,17,25,34
F4:B8:5E:C4:56:3D,-95,2016,1,28,17,26,5
F4:B8:5E:C4:56:3D,-95,2016,1,28,17,26,36
F4:B8:5E:C4:56:3D,-95,2016,1,28,17,27,7
F4:B8:5E:C4:56:3D,-89,2016,1,28,17,27,38
F4:B8:5E:C4:56:3D,-78,2016,1,28,17,28,9
F4:B8:5E:C4:56:3D,-82,2016,1,28,17,28,39
F4:B8:5E:C4:56:3D,-81,2016,1,28,17,29,10
F4:B8:5E:C4:56:3D,-89,2016,1,28,17,29,40
F4:B8:5E:C4:56:3D,-76,2016,1,28,17,30,11
F4:B8:5E:C4:56:3D,-90,2016,1,28,17,30,41
F4:B8:5E:C4:56:3D,-91,2016,1,28,17,31,12
F4:B8:5E:C4:56:3D,-89,2016,1,28,17,31,43
F4:B8:5E:C4:56:3D,-81,2016,1,28,17,32,14
F4:B8:5E:C4:56:3D,-90,2016,1,28,17,32,45
F4:B8:5E:C4:56:3D,-90,2016,1,28,17,33,16
F4:B8:5E:C4:56:3D,-77,2016,1,28,17,33,46
F4:B8:5E:C4:56:3D,-91,2016,1,28,17,34,16
F4:B8:5E:C4:56:3D,-76,2016,1,28,17,34,46
F4:B8:5E:C4:56:3D,-81,2016,1,28,17,35,17
F4:B8:5E:C4:56:3D,-77,2016,1,28,17,35,48
F4:B8:5E:DC:B5:DD,-91,2016,1,28,17,35,48
F4:B8:5E:C4:56:3D,-90,2016,1,28,17,36,19
F4:B8:5E:DC:B5:DD,-74,2016,1,28,17,36,19
F4:B8:5E:C4:56:3D,-81,2016,1,28,17,36,49
F4:B8:5E:DC:B5:DD,-74,2016,1,28,17,36,49
F4:B8:5E:C4:56:3D,-81,2016,1,28,17,37,20
F4:B8:5E:DC:B5:DD,-73,2016,1,28,17,37,20
F4:B8:5E:C4:56:3D,-81,2016,1,28,17,37,51
F4:B8:5E:DC:B5:DD,-73,2016,1,28,17,37,51
F4:B8:5E:C4:56:3D,-84,2016,1,28,17,38,21
F4:B8:5E:DC:B5:DD,-73,2016,1,28,17,38,21
F4:B8:5E:C4:56:3D,-81,2016,1,28,17,38,51
F4:B8:5E:DC:B5:DD,-75,2016,1,28,17,38,51
F4:B8:5E:C4:56:3D,-89,2016,1,28,17,39,21
F4:B8:5E:DC:B5:DD,-79,2016,1,28,17,39,21
F4:B8:5E:C4:56:3D,-89,2016,1,28,17,39,51
F4:B8:5E:DC:B5:DD,-78,2016,1,28,17,39,51
F4:B8:5E:C4:56:3D,-88,2016,1,28,17,40,22
F4:B8:5E:DC:B5:DD,-75,2016,1,28,17,40,22
F4:B8:5E:C4:56:3D,-77,2016,1,28,17,40,53
F4:B8:5E:DC:B5:DD,-79,2016,1,28,17,40,53
F4:B8:5E:C4:56:3D,-90,2016,1,28,17,41,23
F4:B8:5E:DC:B5:DD,-74,2016,1,28,17,41,23
F4:B8:5E:C4:56:3D,-82,2016,1,28,17,41,54
F4:B8:5E:DC:B5:DD,-73,2016,1,28,17,41,54
F4:B8:5E:C4:56:3D,-81,2016,1,28,17,42,25
F4:B8:5E:DC:B5:DD,-73,2016,1,28,17,42,25
F4:B8:5E:C4:56:3D,-78,2016,1,28,17,42,56
F4:B8:5E:DC:B5:DD,-75,2016,1,28,17,42,56
F4:B8:5E:C4:56:3D,-89,2016,1,28,17,43,26
F4:B8:5E:DC:B5:DD,-75,2016,1,28,17,43,26
F4:B8:5E:C4:56:3D,-89,2016,1,28,17,43,56
F4:B8:5E:DC:B5:DD,-75,2016,1,28,17,43,56
F4:B8:5E:C4:56:3D,-80,2016,1,28,17,44,26
F4:B8:5E:DC:B5:DD,-73,2016,1,28,17,44,26
F4:B8:5E:C4:56:3D,-82,2016,1,28,17,44,56
F4:B8:5E:DC:B5:DD,-73,2016,1,28,17,44,56
F4:B8:5E:C4:56:3D,-79,2016,1,28,17,45,27
F4:B8:5E:DC:B5:DD,-78,2016,1,28,17,45,27
F4:B8:5E:C4:56:3D,-81,2016,1,28,17,45,58
F4:B8:5E:DC:B5:DD,-74,2016,1,28,17,45,58
F4:B8:5E:C4:56:3D,-77,2016,1,28,17,46,29
F4:B8:5E:DC:B5:DD,-72,2016,1,28,17,46,29
F4:B8:5E:C4:56:3D,-76,2016,1,28,17,46,59
F4:B8:5E:DC:B5:DD,-75,2016,1,28,17,46,59
F4:B8:5E:C4:56:3D,-82,2016,1,28,17,47,29
F4:B8:5E:DC:B5:DD,-78,2016,1,28,17,47,29
F4:B8:5E:C4:56:3D,-76,2016,1,28,17,47,59
F4:B8:5E:DC:B5:DD,-76,2016,1,28,17,47,59
F4:B8:5E:C4:56:3D,-94,2016,1,28,17,48,29
F4:B8:5E:DC:B5:DD,-78,2016,1,28,17,48,29
F4:B8:5E:C4:56:3D,-79,2016,1,28,17,48,59
F4:B8:5E:DC:B5:DD,-77,2016,1,28,17,48,59
F4:B8:5E:C4:56:3D,-78,2016,1,28,17,49,29
F4:B8:5E:DC:B5:DD,-75,2016,1,28,17,49,29
F4:B8:5E:C4:56:3D,-83,2016,1,28,17,49,59
F4:B8:5E:DC:B5:DD,-77,2016,1,28,17,49,59
F4:B8:5E:C4:56:3D,-78,2016,1,28,17,50,30
F4:B8:5E:DC:B5:DD,-79,2016,1,28,17,50,30
F4:B8:5E:C4:56:3D,-89,2016,1,28,17,51,1
F4:B8:5E:DC:B5:DD,-74,2016,1,28,17,51,1
F4:B8:5E:C4:56:3D,-86,2016,1,28,17,51,32
F4:B8:5E:DC:B5:DD,-78,2016,1,28,17,51,32
F4:B8:5E:C4:56:3D,-78,2016,1,28,17,52,2
F4:B8:5E:DC:B5:DD,-78,2016,1,28,17,52,2
F4:B8:5E:C4:56:3D,-89,2016,1,28,17,52,32
F4:B8:5E:DC:B5:DD,-74,2016,1,28,17,52,32
F4:B8:5E:C4:56:3D,-81,2016,1,28,17,53,3
F4:B8:5E:DC:B5:DD,-74,2016,1,28,17,53,3
F4:B8:5E:C4:56:3D,-78,2016,1,28,17,53,33
F4:B8:5E:DC:B5:DD,-74,2016,1,28,17,53,33
F4:B8:5E:C4:56:3D,-81,2016,1,28,17,54,4
F4:B8:5E:DC:B5:DD,-74,2016,1,28,17,54,4
F4:B8:5E:C4:56:3D,-85,2016,1,28,17,54,34
F4:B8:5E:DC:B5:DD,-78,2016,1,28,17,54,34
F4:B8:5E:C4:56:3D,-79,2016,1,28,17,55,4
F4:B8:5E:DC:B5:DD,-78,2016,1,28,17,55,4
F4:B8:5E:C4:56:3D,-92,2016,1,28,17,55,35
F4:B8:5E:DC:B5:DD,-76,2016,1,28,17,55,35
F4:B8:5E:C4:56:3D,-78,2016,1,28,17,56,6
F4:B8:5E:DC:B5:DD,-76,2016,1,28,17,56,6
F4:B8:5E:C4:56:3D,-78,2016,1,28,17,56,37
F4:B8:5E:DC:B5:DD,-78,2016,1,28,17,56,37
F4:B8:5E:C4:56:3D,-78,2016,1,28,17,57,8
F4:B8:5E:DC:B5:DD,-74,2016,1,28,17,57,8
F4:B8:5E:C4:56:3D,-77,2016,1,28,17,57,39
F4:B8:5E:DC:B5:DD,-72,2016,1,28,17,57,39
F4:B8:5E:C4:56:3D,-77,2016,1,28,17,58,9
F4:B8:5E:DC:B5:DD,-73,2016,1,28,17,58,9
F4:B8:5E:C4:56:3D,-76,2016,1,28,17,58,39
F4:B8:5E:DC:B5:DD,-74,2016,1,28,17,58,39
F4:B8:5E:C4:56:3D,-89,2016,1,28,17,59,9
F4:B8:5E:DC:B5:DD,-77,2016,1,28,17,59,9
F4:B8:5E:C4:56:3D,-83,2016,1,28,17,59,40
F4:B8:5E:DC:B5:DD,-74,2016,1,28,17,59,40
F4:B8:5E:C4:56:3D,-89,2016,1,28,18,0,10
F4:B8:5E:DC:B5:DD,-78,2016,1,28,18,0,10
F4:B8:5E:C4:56:3D,-86,2016,1,28,18,0,40
F4:B8:5E:DC:B5:DD,-69,2016,1,28,18,0,40
F4:B8:5E:C4:56:3D,-95,2016,1,28,18,1,11
F4:B8:5E:DC:B5:DD,-76,2016,1,28,18,1,11
F4:B8:5E:C4:56:3D,-95,2016,1,28,18,1,42
F4:B8:5E:DC:B5:DD,-76,2016,1,28,18,1,42
F4:B8:5E:C4:56:3D,-94,2016,1,28,18,2,13
F4:B8:5E:DC:B5:DD,-76,2016,1,28,18,2,13
F4:B8:5E:C4:56:3D,-87,2016,1,28,18,2,43
F4:B8:5E:DC:B5:DD,-71,2016,1,28,18,2,43
F4:B8:5E:C4:56:3D,-93,2016,1,28,18,3,14
F4:B8:5E:DC:B5:DD,-72,2016,1,28,18,3,14
F4:B8:5E:C4:56:3D,-86,2016,1,28,18,3,45
F4:B8:5E:DC:B5:DD,-77,2016,1,28,18,3,45
F4:B8:5E:C4:56:3D,-85,2016,1,28,18,4,16
F4:B8:5E:DC:B5:DD,-72,2016,1,28,18,4,16
F4:B8:5E:C4:56:3D,-84,2016,1,28,18,4,47
F4:B8:5E:DC:B5:DD,-71,2016,1,28,18,4,47
F4:B8:5E:C4:56:3D,-97,2016,1,28,18,5,17
F4:B8:5E:DC:B5:DD,-77,2016,1,28,18,5,17
F4:B8:5E:C4:56:3D,-97,2016,1,28,18,5,47
F4:B8:5E:DC:B5:DD,-70,2016,1,28,18,5,47
F4:B8:5E:C4:56:3D,-94,2016,1,28,18,6,18
F4:B8:5E:DC:B5:DD,-78,2016,1,28,18,6,18
F4:B8:5E:C4:56:3D,-90,2016,1,28,18,6,49
F4:B8:5E:DC:B5:DD,-78,2016,1,28,18,6,49
F4:B8:5E:C4:56:3D,-90,2016,1,28,18,7,20
F4:B8:5E:DC:B5:DD,-69,2016,1,28,18,7,20
F4:B8:5E:C4:56:3D,-94,2016,1,28,18,7,50
F4:B8:5E:DC:B5:DD,-77,2016,1,28,18,7,50
F4:B8:5E:C4:56:3D,-86,2016,1,28,18,8,20
F4:B8:5E:DC:B5:DD,-71,2016,1,28,18,8,20
F4:B8:5E:C4:56:3D,-83,2016,1,28,18,8,51
F4:B8:5E:DC:B5:DD,-72,2016,1,28,18,8,51
F4:B8:5E:C4:56:3D,-89,2016,1,28,18,9,21
F4:B8:5E:DC:B5:DD,-72,2016,1,28,18,9,21
F4:B8:5E:C4:56:3D,-85,2016,1,28,18,9,52
F4:B8:5E:DC:B5:DD,-77,2016,1,28,18,9,52
F4:B8:5E:C4:56:3D,-89,2016,1,28,18,10,22
F4:B8:5E:DC:B5:DD,-72,2016,1,28,18,10,22
F4:B8:5E:C4:56:3D,-90,2016,1,28,18,10,52
F4:B8:5E:DC:B5:DD,-70,2016,1,28,18,10,52
F4:B8:5E:C4:56:3D,-88,2016,1,28,18,11,23
F4:B8:5E:DC:B5:DD,-70,2016,1,28,18,11,23
F4:B8:5E:C4:56:3D,-88,2016,1,28,18,11,54
F4:B8:5E:DC:B5:DD,-70,2016,1,28,18,11,54
F4:B8:5E:C4:56:3D,-84,2016,1,28,18,12,24
F4:B8:5E:DC:B5:DD,-72,2016,1,28,18,12,24
F4:B8:5E:C4:56:3D,-85,2016,1,28,18,12,55
F4:B8:5E:DC:B5:DD,-72,2016,1,28,18,12,55
F4:B8:5E:C4:56:3D,-83,2016,1,28,18,13,26
F4:B8:5E:DC:B5:DD,-72,2016,1,28,18,13,26
F4:B8:5E:C4:56:3D,-85,2016,1,28,18,13,56
F4:B8:5E:DC:B5:DD,-73,2016,1,28,18,13,56
F4:B8:5E:C4:56:3D,-90,2016,1,28,18,14,26
F4:B8:5E:DC:B5:DD,-78,2016,1,28,18,14,26
F4:B8:5E:C4:56:3D,-86,2016,1,28,18,14,56
F4:B8:5E:DC:B5:DD,-71,2016,1,28,18,14,56
F4:B8:5E:C4:56:3D,-85,2016,1,28,18,15,27
F4:B8:5E:DC:B5:DD,-72,2016,1,28,18,15,27
F4:B8:5E:C4:56:3D,-90,2016,1,28,18,15,57
F4:B8:5E:DC:B5:DD,-72,2016,1,28,18,15,57
F4:B8:5E:C4:56:3D,-87,2016,1,28,18,16,27
F4:B8:5E:DC:B5:DD,-72,2016,1,28,18,16,27
F4:B8:5E:C4:56:3D,-95,2016,1,28,18,16,58
F4:B8:5E:DC:B5:DD,-77,2016,1,28,18,16,58
F4:B8:5E:C4:56:3D,-85,2016,1,28,18,17,29
F4:B8:5E:DC:B5:DD,-77,2016,1,28,18,17,29
F4:B8:5E:C4:56:3D,-90,2016,1,28,18,17,59
F4:B8:5E:DC:B5:DD,-72,2016,1,28,18,17,59
F4:B8:5E:C4:56:3D,-97,2016,1,28,18,18,29
F4:B8:5E:DC:B5:DD,-70,2016,1,28,18,18,29
F4:B8:5E:C4:56:3D,-94,2016,1,28,18,19,0
F4:B8:5E:DC:B5:DD,-72,2016,1,28,18,19,0
F4:B8:5E:C4:56:3D,-88,2016,1,28,18,19,31
F4:B8:5E:DC:B5:DD,-72,2016,1,28,18,19,31
F4:B8:5E:C4:56:3D,-94,2016,1,28,18,20,1
F4:B8:5E:DC:B5:DD,-73,2016,1,28,18,20,1
F4:B8:5E:C4:56:3D,-89,2016,1,28,18,20,31
F4:B8:5E:DC:B5:DD,-77,2016,1,28,18,20,31
F4:B8:5E:C4:56:3D,-97,2016,1,28,18,21,1
F4:B8:5E:DC:B5:DD,-77,2016,1,28,18,21,1
F4:B8:5E:C4:56:3D,-90,2016,1,28,18,21,32
F4:B8:5E:DC:B5:DD,-70,2016,1,28,18,21,32
F4:B8:5E:C4:56:3D,-92,2016,1,28,18,22,3
F4:B8:5E:DC:B5:DD,-78,2016,1,28,18,22,3
F4:B8:5E:C4:56:3D,-88,2016,1,28,18,22,33
F4:B8:5E:DC:B5:DD,-69,2016,1,28,18,22,33
F4:B8:5E:C4:56:3D,-90,2016,1,28,18,23,3
F4:B8:5E:DC:B5:DD,-77,2016,1,28,18,23,3
F4:B8:5E:C4:56:3D,-88,2016,1,28,18,23,34
F4:B8:5E:DC:B5:DD,-78,2016,1,28,18,23,34
F4:B8:5E:C4:56:3D,-88,2016,1,28,18,24,5
F4:B8:5E:DC:B5:DD,-72,2016,1,28,18,24,5
F4:B8:5E:C4:56:3D,-91,2016,1,28,18,24,35
F4:B8:5E:DC:B5:DD,-78,2016,1,28,18,24,35
F4:B8:5E:C4:56:3D,-92,2016,1,28,18,25,6
F4:B8:5E:DC:B5:DD,-70,2016,1,28,18,25,6
F4:B8:5E:C4:56:3D,-87,2016,1,28,18,25,36
F4:B8:5E:DC:B5:DD,-71,2016,1,28,18,25,36
F4:B8:5E:C4:56:3D,-87,2016,1,28,18,26,6
F4:B8:5E:DC:B5:DD,-72,2016,1,28,18,26,6
F4:B8:5E:C4:56:3D,-90,2016,1,28,18,26,37
F4:B8:5E:DC:B5:DD,-72,2016,1,28,18,26,37
F4:B8:5E:C4:56:3D,-92,2016,1,28,18,27,8
F4:B8:5E:DC:B5:DD,-77,2016,1,28,18,27,8
F4:B8:5E:C4:56:3D,-90,2016,1,28,18,27,39
F4:B8:5E:DC:B5:DD,-77,2016,1,28,18,27,39
F4:B8:5E:C4:56:3D,-94,2016,1,28,18,28,9
F4:B8:5E:DC:B5:DD,-77,2016,1,28,18,28,9
F4:B8:5E:C4:56:3D,-93,2016,1,28,18,28,40
F4:B8:5E:DC:B5:DD,-77,2016,1,28,18,28,40
F4:B8:5E:C4:56:3D,-87,2016,1,28,18,29,10
F4:B8:5E:DC:B5:DD,-69,2016,1,28,18,29,10
F4:B8:5E:C4:56:3D,-89,2016,1,28,18,29,40
F4:B8:5E:DC:B5:DD,-73,2016,1,28,18,29,40
F4:B8:5E:C4:56:3D,-90,2016,1,28,18,30,10
F4:B8:5E:DC:B5:DD,-79,2016,1,28,18,30,10
F4:B8:5E:C4:56:3D,-88,2016,1,28,18,30,40
F4:B8:5E:DC:B5:DD,-69,2016,1,28,18,30,40
F4:B8:5E:C4:56:3D,-98,2016,1,28,18,31,11
F4:B8:5E:DC:B5:DD,-78,2016,1,28,18,31,11
F4:B8:5E:C4:56:3D,-95,2016,1,28,18,31,41
F4:B8:5E:DC:B5:DD,-71,2016,1,28,18,31,41
F4:B8:5E:C4:56:3D,-88,2016,1,28,18,32,12
F4:B8:5E:DC:B5:DD,-70,2016,1,28,18,32,12
F4:B8:5E:C4:56:3D,-90,2016,1,28,18,32,42
F4:B8:5E:DC:B5:DD,-79,2016,1,28,18,32,42
F4:B8:5E:C4:56:3D,-94,2016,1,28,18,33,13
F4:B8:5E:DC:B5:DD,-77,2016,1,28,18,33,13
F4:B8:5E:C4:56:3D,-92,2016,1,28,18,33,44
F4:B8:5E:DC:B5:DD,-78,2016,1,28,18,33,44
F4:B8:5E:C4:56:3D,-98,2016,1,28,18,34,15
F4:B8:5E:DC:B5:DD,-79,2016,1,28,18,34,15
F4:B8:5E:C4:56:3D,-96,2016,1,28,18,34,45
F4:B8:5E:DC:B5:DD,-72,2016,1,28,18,34,45
F4:B8:5E:C4:56:3D,-88,2016,1,28,18,35,15
F4:B8:5E:DC:B5:DD,-71,2016,1,28,18,35,15
F4:B8:5E:C4:56:3D,-90,2016,1,28,18,35,45
F4:B8:5E:DC:B5:DD,-72,2016,1,28,18,35,45
F4:B8:5E:C4:56:3D,-89,2016,1,28,18,36,16
F4:B8:5E:DC:B5:DD,-70,2016,1,28,18,36,16
F4:B8:5E:C4:56:3D,-90,2016,1,28,18,36,46
F4:B8:5E:DC:B5:DD,-70,2016,1,28,18,36,46
F4:B8:5E:C4:56:3D,-89,2016,1,28,18,37,17
F4:B8:5E:DC:B5:DD,-73,2016,1,28,18,37,17
F4:B8:5E:C4:56:3D,-90,2016,1,28,18,37,48
F4:B8:5E:DC:B5:DD,-77,2016,1,28,18,37,48
F4:B8:5E:C4:56:3D,-92,2016,1,28,18,38,19
F4:B8:5E:DC:B5:DD,-78,2016,1,28,18,38,19
F4:B8:5E:C4:56:3D,-89,2016,1,28,18,38,49
F4:B8:5E:DC:B5:DD,-73,2016,1,28,18,38,49
F4:B8:5E:C4:56:3D,-91,2016,1,28,18,39,20
F4:B8:5E:DC:B5:DD,-78,2016,1,28,18,39,20
F4:B8:5E:C4:56:3D,-90,2016,1,28,18,39,50
F4:B8:5E:DC:B5:DD,-73,2016,1,28,18,39,50
F4:B8:5E:C4:56:3D,-91,2016,1,28,18,40,20
F4:B8:5E:DC:B5:DD,-73,2016,1,28,18,40,20
F4:B8:5E:C4:56:3D,-92,2016,1,28,18,40,51
F4:B8:5E:DC:B5:DD,-77,2016,1,28,18,40,51
F4:B8:5E:C4:56:3D,-92,2016,1,28,18,41,22
F4:B8:5E:DC:B5:DD,-77,2016,1,28,18,41,22
F4:B8:5E:C4:56:3D,-91,2016,1,28,18,41,52
F4:B8:5E:DC:B5:DD,-77,2016,1,28,18,41,52
F4:B8:5E:C4:56:3D,-89,2016,1,28,18,42,22
F4:B8:5E:DC:B5:DD,-73,2016,1,28,18,42,22
F4:B8:5E:C4:56:3D,-91,2016,1,28,18,42,53
F4:B8:5E:DC:B5:DD,-78,2016,1,28,18,42,53
F4:B8:5E:C4:56:3D,-87,2016,1,28,18,43,24
F4:B8:5E:DC:B5:DD,-73,2016,1,28,18,43,24
F4:B8:5E:C4:56:3D,-92,2016,1,28,18,43,54
F4:B8:5E:DC:B5:DD,-73,2016,1,28,18,43,54
F4:B8:5E:C4:56:3D,-88,2016,1,28,18,44,25
F4:B8:5E:DC:B5:DD,-72,2016,1,28,18,44,25
F4:B8:5E:C4:56:3D,-89,2016,1,28,18,44,55
F4:B8:5E:DC:B5:DD,-71,2016,1,28,18,44,55
F4:B8:5E:C4:56:3D,-86,2016,1,28,18,45,25
F4:B8:5E:DC:B5:DD,-70,2016,1,28,18,45,25
F4:B8:5E:C4:56:3D,-90,2016,1,28,18,45,55
F4:B8:5E:DC:B5:DD,-72,2016,1,28,18,45,55
F4:B8:5E:C4:56:3D,-90,2016,1,28,18,46,26
F4:B8:5E:DC:B5:DD,-71,2016,1,28,18,46,26
F4:B8:5E:C4:56:3D,-97,2016,1,28,18,46,56
F4:B8:5E:DC:B5:DD,-71,2016,1,28,18,46,56
F4:B8:5E:C4:56:3D,-98,2016,1,28,18,47,26
F4:B8:5E:DC:B5:DD,-73,2016,1,28,18,47,26
F4:B8:5E:C4:56:3D,-91,2016,1,28,18,47,57
F4:B8:5E:DC:B5:DD,-73,2016,1,28,18,47,57
F4:B8:5E:C4:56:3D,-87,2016,1,28,18,48,28
F4:B8:5E:DC:B5:DD,-78,2016,1,28,18,48,28
F4:B8:5E:C4:56:3D,-89,2016,1,28,18,48,59
F4:B8:5E:DC:B5:DD,-70,2016,1,28,18,48,59
F4:B8:5E:C4:56:3D,-87,2016,1,28,18,49,30
F4:B8:5E:DC:B5:DD,-73,2016,1,28,18,49,30
F4:B8:5E:C4:56:3D,-92,2016,1,28,18,50,1
F4:B8:5E:DC:B5:DD,-77,2016,1,28,18,50,1
F4:B8:5E:C4:56:3D,-91,2016,1,28,18,50,31
F4:B8:5E:DC:B5:DD,-72,2016,1,28,18,50,31
F4:B8:5E:C4:56:3D,-95,2016,1,28,18,51,2
F4:B8:5E:DC:B5:DD,-77,2016,1,28,18,51,2
F4:B8:5E:C4:56:3D,-90,2016,1,28,18,51,32
F4:B8:5E:DC:B5:DD,-78,2016,1,28,18,51,32
F4:B8:5E:C4:56:3D,-93,2016,1,28,18,52,2
F4:B8:5E:DC:B5:DD,-79,2016,1,28,18,52,2
F4:B8:5E:C4:56:3D,-89,2016,1,28,18,52,32
F4:B8:5E:DC:B5:DD,-72,2016,1,28,18,52,32
F4:B8:5E:C4:56:3D,-96,2016,1,28,18,53,2
F4:B8:5E:DC:B5:DD,-79,2016,1,28,18,53,2
F4:B8:5E:C4:56:3D,-96,2016,1,28,18,53,33
F4:B8:5E:DC:B5:DD,-78,2016,1,28,18,53,33
F4:B8:5E:C4:56:3D,-97,2016,1,28,18,54,4
F4:B8:5E:DC:B5:DD,-79,2016,1,28,18,54,4
F4:B8:5E:C4:56:3D,-87,2016,1,28,18,54,35
F4:B8:5E:DC:B5:DD,-72,2016,1,28,18,54,35
F4:B8:5E:C4:56:3D,-87,2016,1,28,18,55,5
F4:B8:5E:DC:B5:DD,-71,2016,1,28,18,55,5
F4:B8:5E:C4:56:3D,-82,2016,1,28,18,55,36
F4:B8:5E:DC:B5:DD,-73,2016,1,28,18,55,36
F4:B8:5E:C4:56:3D,-78,2016,1,28,18,56,6
F4:B8:5E:DC:B5:DD,-71,2016,1,28,18,56,6
F4:B8:5E:C4:56:3D,-78,2016,1,28,18,56,36
F4:B8:5E:DC:B5:DD,-69,2016,1,28,18,56,36
F4:B8:5E:C4:56:3D,-87,2016,1,28,18,57,6
F4:B8:5E:DC:B5:DD,-72,2016,1,28,18,57,6
F4:B8:5E:C4:56:3D,-90,2016,1,28,18,57,36
F4:B8:5E:DC:B5:DD,-70,2016,1,28,18,57,36
F4:B8:5E:C4:56:3D,-92,2016,1,28,18,58,7
F4:B8:5E:DC:B5:DD,-73,2016,1,28,18,58,7
F4:B8:5E:C4:56:3D,-84,2016,1,28,18,58,38
F4:B8:5E:DC:B5:DD,-72,2016,1,28,18,58,38
F4:B8:5E:C4:56:3D,-83,2016,1,28,18,59,8
F4:B8:5E:DC:B5:DD,-72,2016,1,28,18,59,8
F4:B8:5E:C4:56:3D,-84,2016,1,28,18,59,39
F4:B8:5E:DC:B5:DD,-79,2016,1,28,18,59,39
F4:B8:5E:C4:56:3D,-88,2016,1,28,19,0,10
F4:B8:5E:DC:B5:DD,-70,2016,1,28,19,0,10
F4:B8:5E:C4:56:3D,-89,2016,1,28,19,0,41
F4:B8:5E:DC:B5:DD,-78,2016,1,28,19,0,41
F4:B8:5E:C4:56:3D,-84,2016,1,28,19,1,11
F4:B8:5E:DC:B5:DD,-79,2016,1,28,19,1,11
F4:B8:5E:C4:56:3D,-97,2016,1,28,19,1,42
F4:B8:5E:DC:B5:DD,-70,2016,1,28,19,1,42
F4:B8:5E:C4:56:3D,-82,2016,1,28,19,2,12
F4:B8:5E:DC:B5:DD,-69,2016,1,28,19,2,12
F4:B8:5E:C4:56:3D,-85,2016,1,28,19,2,42
F4:B8:5E:DC:B5:DD,-72,2016,1,28,19,2,42
F4:B8:5E:C4:56:3D,-96,2016,1,28,19,3,12
F4:B8:5E:DC:B5:DD,-69,2016,1,28,19,3,12
F4:B8:5E:C4:56:3D,-91,2016,1,28,19,3,42
F4:B8:5E:DC:B5:DD,-72,2016,1,28,19,3,42
F4:B8:5E:C4:56:3D,-96,2016,1,28,19,4,13
F4:B8:5E:DC:B5:DD,-79,2016,1,28,19,4,13
F4:B8:5E:C4:56:3D,-94,2016,1,28,19,4,44
F4:B8:5E:DC:B5:DD,-70,2016,1,28,19,4,44
F4:B8:5E:C4:56:3D,-84,2016,1,28,19,5,15
F4:B8:5E:DC:B5:DD,-79,2016,1,28,19,5,15
F4:B8:5E:C4:56:3D,-96,2016,1,28,19,5,45
F4:B8:5E:DC:B5:DD,-69,2016,1,28,19,5,45
F4:B8:5E:C4:56:3D,-89,2016,1,28,19,6,16
F4:B8:5E:DC:B5:DD,-79,2016,1,28,19,6,16
F4:B8:5E:C4:56:3D,-96,2016,1,28,19,6,47
F4:B8:5E:DC:B5:DD,-73,2016,1,28,19,6,47
F4:B8:5E:C4:56:3D,-90,2016,1,28,19,7,18
F4:B8:5E:DC:B5:DD,-79,2016,1,28,19,7,18
F4:B8:5E:C4:56:3D,-94,2016,1,28,19,7,48
F4:B8:5E:DC:B5:DD,-78,2016,1,28,19,7,48
F4:B8:5E:C4:56:3D,-86,2016,1,28,19,8,18
F4:B8:5E:DC:B5:DD,-73,2016,1,28,19,8,18
F4:B8:5E:C4:56:3D,-94,2016,1,28,19,8,48
F4:B8:5E:DC:B5:DD,-78,2016,1,28,19,8,48
F4:B8:5E:C4:56:3D,-96,2016,1,28,19,9,19
F4:B8:5E:DC:B5:DD,-78,2016,1,28,19,9,19
F4:B8:5E:C4:56:3D,-85,2016,1,28,19,9,50
F4:B8:5E:DC:B5:DD,-70,2016,1,28,19,9,50
F4:B8:5E:C4:56:3D,-88,2016,1,28,19,10,21
F4:B8:5E:DC:B5:DD,-73,2016,1,28,19,10,21
F4:B8:5E:C4:56:3D,-89,2016,1,28,19,10,52
F4:B8:5E:DC:B5:DD,-73,2016,1,28,19,10,52
F4:B8:5E:C4:56:3D,-85,2016,1,28,19,11,23
F4:B8:5E:DC:B5:DD,-68,2016,1,28,19,11,23
F4:B8:5E:C4:56:3D,-89,2016,1,28,19,11,54
F4:B8:5E:DC:B5:DD,-79,2016,1,28,19,11,54
F4:B8:5E:C4:56:3D,-87,2016,1,28,19,12,24
F4:B8:5E:DC:B5:DD,-70,2016,1,28,19,12,24
F4:B8:5E:C4:56:3D,-90,2016,1,28,19,12,54
F4:B8:5E:DC:B5:DD,-78,2016,1,28,19,12,54
F4:B8:5E:C4:56:3D,-85,2016,1,28,19,13,24
F4:B8:5E:DC:B5:DD,-70,2016,1,28,19,13,24
F4:B8:5E:C4:56:3D,-87,2016,1,28,19,13,54
F4:B8:5E:DC:B5:DD,-72,2016,1,28,19,13,54
F4:B8:5E:C4:56:3D,-86,2016,1,28,19,14,25
F4:B8:5E:DC:B5:DD,-70,2016,1,28,19,14,25
F4:B8:5E:C4:56:3D,-84,2016,1,28,19,14,55
F4:B8:5E:DC:B5:DD,-70,2016,1,28,19,14,55
F4:B8:5E:C4:56:3D,-94,2016,1,28,19,15,26
F4:B8:5E:DC:B5:DD,-72,2016,1,28,19,15,26
F4:B8:5E:C4:56:3D,-86,2016,1,28,19,15,56
F4:B8:5E:DC:B5:DD,-72,2016,1,28,19,15,56
F4:B8:5E:C4:56:3D,-94,2016,1,28,19,16,26
F4:B8:5E:DC:B5:DD,-73,2016,1,28,19,16,26
F4:B8:5E:C4:56:3D,-88,2016,1,28,19,16,56
F4:B8:5E:DC:B5:DD,-69,2016,1,28,19,16,56
F4:B8:5E:C4:56:3D,-87,2016,1,28,19,17,26
F4:B8:5E:DC:B5:DD,-73,2016,1,28,19,17,26
F4:B8:5E:C4:56:3D,-89,2016,1,28,19,17,56
F4:B8:5E:DC:B5:DD,-72,2016,1,28,19,17,56
F4:B8:5E:C4:56:3D,-84,2016,1,28,19,18,26
F4:B8:5E:DC:B5:DD,-79,2016,1,28,19,18,26
F4:B8:5E:C4:56:3D,-85,2016,1,28,19,18,57
F4:B8:5E:DC:B5:DD,-78,2016,1,28,19,18,57
F4:B8:5E:C4:56:3D,-93,2016,1,28,19,19,28
F4:B8:5E:DC:B5:DD,-70,2016,1,28,19,19,28
F4:B8:5E:C4:56:3D,-90,2016,1,28,19,19,59
F4:B8:5E:DC:B5:DD,-69,2016,1,28,19,19,59
F4:B8:5E:C4:56:3D,-92,2016,1,28,19,20,30
F4:B8:5E:DC:B5:DD,-79,2016,1,28,19,20,30
F4:B8:5E:C4:56:3D,-82,2016,1,28,19,21,1
F4:B8:5E:DC:B5:DD,-70,2016,1,28,19,21,1
F4:B8:5E:C4:56:3D,-90,2016,1,28,19,21,32
F4:B8:5E:DC:B5:DD,-69,2016,1,28,19,21,32
F4:B8:5E:C4:56:3D,-92,2016,1,28,19,22,2
F4:B8:5E:DC:B5:DD,-72,2016,1,28,19,22,2
F4:B8:5E:C4:56:3D,-95,2016,1,28,19,22,32
F4:B8:5E:DC:B5:DD,-70,2016,1,28,19,22,32
F4:B8:5E:C4:56:3D,-88,2016,1,28,19,23,2
F4:B8:5E:DC:B5:DD,-79,2016,1,28,19,23,2
F4:B8:5E:C4:56:3D,-84,2016,1,28,19,23,33
F4:B8:5E:DC:B5:DD,-72,2016,1,28,19,23,33
F4:B8:5E:C4:56:3D,-87,2016,1,28,19,24,3
F4:B8:5E:DC:B5:DD,-79,2016,1,28,19,24,3
F4:B8:5E:C4:56:3D,-94,2016,1,28,19,24,33
F4:B8:5E:DC:B5:DD,-78,2016,1,28,19,24,33
F4:B8:5E:C4:56:3D,-88,2016,1,28,19,25,4
F4:B8:5E:DC:B5:DD,-73,2016,1,28,19,25,4
F4:B8:5E:C4:56:3D,-90,2016,1,28,19,25,35
F4:B8:5E:DC:B5:DD,-70,2016,1,28,19,25,35
F4:B8:5E:C4:56:3D,-88,2016,1,28,19,26,6
F4:B8:5E:DC:B5:DD,-73,2016,1,28,19,26,6
F4:B8:5E:C4:56:3D,-83,2016,1,28,19,26,36
F4:B8:5E:DC:B5:DD,-68,2016,1,28,19,26,36
F4:B8:5E:C4:56:3D,-88,2016,1,28,19,27,7
F4:B8:5E:DC:B5:DD,-73,2016,1,28,19,27,7
F4:B8:5E:C4:56:3D,-85,2016,1,28,19,27,37
F4:B8:5E:DC:B5:DD,-78,2016,1,28,19,27,37
F4:B8:5E:C4:56:3D,-84,2016,1,28,19,28,8
F4:B8:5E:DC:B5:DD,-73,2016,1,28,19,28,8
F4:B8:5E:C4:56:3D,-89,2016,1,28,19,28,39
F4:B8:5E:DC:B5:DD,-73,2016,1,28,19,28,39
F4:B8:5E:C4:56:3D,-84,2016,1,28,19,29,9
F4:B8:5E:DC:B5:DD,-78,2016,1,28,19,29,9
F4:B8:5E:C4:56:3D,-84,2016,1,28,19,29,39
F4:B8:5E:DC:B5:DD,-79,2016,1,28,19,29,39
F4:B8:5E:C4:56:3D,-93,2016,1,28,19,30,10
F4:B8:5E:DC:B5:DD,-70,2016,1,28,19,30,10
F4:B8:5E:C4:56:3D,-94,2016,1,28,19,30,41
F4:B8:5E:DC:B5:DD,-69,2016,1,28,19,30,41
F4:B8:5E:C4:56:3D,-89,2016,1,28,19,31,11
F4:B8:5E:DC:B5:DD,-68,2016,1,28,19,31,11
F4:B8:5E:C4:56:3D,-89,2016,1,28,19,31,42
F4:B8:5E:DC:B5:DD,-79,2016,1,28,19,31,42
F4:B8:5E:C4:56:3D,-84,2016,1,28,19,32,13
F4:B8:5E:DC:B5:DD,-70,2016,1,28,19,32,13
F4:B8:5E:C4:56:3D,-96,2016,1,28,19,32,43
F4:B8:5E:DC:B5:DD,-73,2016,1,28,19,32,43
F4:B8:5E:C4:56:3D,-91,2016,1,28,19,33,13
F4:B8:5E:DC:B5:DD,-71,2016,1,28,19,33,13
F4:B8:5E:C4:56:3D,-98,2016,1,28,19,33,44
F4:B8:5E:DC:B5:DD,-80,2016,1,28,19,33,44
F4:B8:5E:C4:56:3D,-96,2016,1,28,19,34,15
F4:B8:5E:DC:B5:DD,-73,2016,1,28,19,34,15
F4:B8:5E:C4:56:3D,-92,2016,1,28,19,34,46
F4:B8:5E:DC:B5:DD,-68,2016,1,28,19,34,46
F4:B8:5E:C4:56:3D,-95,2016,1,28,19,35,16
F4:B8:5E:DC:B5:DD,-69,2016,1,28,19,35,16
F4:B8:5E:C4:56:3D,-98,2016,1,28,19,35,47
F4:B8:5E:DC:B5:DD,-80,2016,1,28,19,35,47
F4:B8:5E:C4:56:3D,-91,2016,1,28,19,36,18
F4:B8:5E:DC:B5:DD,-68,2016,1,28,19,36,18
F4:B8:5E:C4:56:3D,-95,2016,1,28,19,36,49
F4:B8:5E:DC:B5:DD,-72,2016,1,28,19,36,49
F4:B8:5E:C4:56:3D,-92,2016,1,28,19,37,19
F4:B8:5E:DC:B5:DD,-72,2016,1,28,19,37,19
F4:B8:5E:C4:56:3D,-94,2016,1,28,19,37,50
F4:B8:5E:DC:B5:DD,-80,2016,1,28,19,37,50
F4:B8:5E:C4:56:3D,-89,2016,1,28,19,38,21
F4:B8:5E:DC:B5:DD,-79,2016,1,28,19,38,21
F4:B8:5E:C4:56:3D,-93,2016,1,28,19,38,52
F4:B8:5E:DC:B5:DD,-79,2016,1,28,19,38,52
F4:B8:5E:C4:56:3D,-98,2016,1,28,19,39,22
F4:B8:5E:DC:B5:DD,-69,2016,1,28,19,39,22
F4:B8:5E:C4:56:3D,-85,2016,1,28,19,39,52
F4:B8:5E:DC:B5:DD,-79,2016,1,28,19,39,52
F4:B8:5E:C4:56:3D,-83,2016,1,28,19,40,22
F4:B8:5E:DC:B5:DD,-72,2016,1,28,19,40,22
F4:B8:5E:C4:56:3D,-87,2016,1,28,19,40,53
F4:B8:5E:DC:B5:DD,-72,2016,1,28,19,40,53
F4:B8:5E:C4:56:3D,-87,2016,1,28,19,41,24
F4:B8:5E:DC:B5:DD,-80,2016,1,28,19,41,24
F4:B8:5E:C4:56:3D,-86,2016,1,28,19,41,55
F4:B8:5E:DC:B5:DD,-72,2016,1,28,19,41,55
F4:B8:5E:C4:56:3D,-85,2016,1,28,19,42,26
F4:B8:5E:DC:B5:DD,-80,2016,1,28,19,42,26
F4:B8:5E:C4:56:3D,-86,2016,1,28,19,42,57
F4:B8:5E:DC:B5:DD,-68,2016,1,28,19,42,57
F4:B8:5E:C4:56:3D,-90,2016,1,28,19,43,28
F4:B8:5E:DC:B5:DD,-72,2016,1,28,19,43,28
F4:B8:5E:C4:56:3D,-86,2016,1,28,19,43,58
F4:B8:5E:DC:B5:DD,-79,2016,1,28,19,43,58
F4:B8:5E:C4:56:3D,-85,2016,1,28,19,44,28
F4:B8:5E:DC:B5:DD,-79,2016,1,28,19,44,28
F4:B8:5E:C4:56:3D,-90,2016,1,28,19,44,58
F4:B8:5E:DC:B5:DD,-80,2016,1,28,19,44,58
F4:B8:5E:C4:56:3D,-85,2016,1,28,19,45,28
F4:B8:5E:DC:B5:DD,-68,2016,1,28,19,45,28
F4:B8:5E:C4:56:3D,-85,2016,1,28,19,45,59
F4:B8:5E:DC:B5:DD,-79,2016,1,28,19,45,59
F4:B8:5E:C4:56:3D,-91,2016,1,28,19,46,30
F4:B8:5E:DC:B5:DD,-72,2016,1,28,19,46,30
F4:B8:5E:C4:56:3D,-90,2016,1,28,19,47,1
F4:B8:5E:DC:B5:DD,-79,2016,1,28,19,47,1
F4:B8:5E:C4:56:3D,-91,2016,1,28,19,47,32
F4:B8:5E:DC:B5:DD,-79,2016,1,28,19,47,32
F4:B8:5E:C4:56:3D,-85,2016,1,28,19,48,3
F4:B8:5E:DC:B5:DD,-80,2016,1,28,19,48,3
