F4:B8:5E:C4:5F:8C,-74,2016,1,27,17,20,4
F4:B8:5E:C4:5F:BE,-83,2016,1,27,17,20,4
F4:B8:5E:DD:42:D2,-83,2016,1,27,17,20,4
F4:B8:5E:C4:56:3D,-85,2016,1,27,17,20,4
F4:B8:5E:DC:B5:DD,-76,2016,1,27,17,20,4
F4:B8:5E:C4:5F:BE,-87,2016,1,28,7,38,26
F4:B8:5E:C4:5F:8C,-77,2016,1,28,7,38,26
F4:B8:5E:DD:42:D2,-83,2016,1,28,7,38,26
F4:B8:5E:C4:56:3D,-83,2016,1,28,7,38,26
F4:B8:5E:DC:B5:DD,-80,2016,1,28,7,38,26
F4:B8:5E:C4:5F:8C,-74,2016,1,28,7,38,57
F4:B8:5E:C4:5F:BE,-81,2016,1,28,7,38,57
F4:B8:5E:DD:42:D2,-82,2016,1,28,7,38,57
F4:B8:5E:C4:56:3D,-86,2016,1,28,7,38,57
F4:B8:5E:DC:B5:DD,-79,2016,1,28,7,38,57
F4:B8:5E:C4:5F:8C,-78,2016,1,28,7,39,27
F4:B8:5E:DD:42:D2,-80,2016,1,28,7,39,27
F4:B8:5E:C4:56:3D,-87,2016,1,28,7,39,27
F4:B8:5E:DC:B5:DD,-81,2016,1,28,7,39,27
F4:B8:5E:C4:5F:BE,-84,2016,1,28,7,39,57
F4:B8:5E:C4:5F:8C,-78,2016,1,28,7,39,57
F4:B8:5E:DD:42:D2,-80,2016,1,28,7,39,57
F4:B8:5E:C4:56:3D,-84,2016,1,28,7,39,57
F4:B8:5E:DC:B5:DD,-83,2016,1,28,7,39,57
F4:B8:5E:C4:5F:BE,-82,2016,1,28,7,40,27
F4:B8:5E:C4:5F:8C,-85,2016,1,28,7,40,27
F4:B8:5E:DD:42:D2,-89,2016,1,28,7,40,27
F4:B8:5E:C4:56:3D,-81,2016,1,28,7,40,27
F4:B8:5E:DC:B5:DD,-81,2016,1,28,7,40,27
F4:B8:5E:C4:5F:8C,-86,2016,1,28,7,40,58
F4:B8:5E:C4:5F:BE,-83,2016,1,28,7,40,58
F4:B8:5E:DD:42:D2,-90,2016,1,28,7,40,58
F4:B8:5E:C4:56:3D,-81,2016,1,28,7,40,58
F4:B8:5E:DC:B5:DD,-92,2016,1,28,7,40,58
F4:B8:5E:C4:5F:8C,-89,2016,1,28,7,41,29
F4:B8:5E:C4:5F:BE,-86,2016,1,28,7,41,29
F4:B8:5E:DD:42:D2,-88,2016,1,28,7,41,29
F4:B8:5E:C4:56:3D,-80,2016,1,28,7,41,29
F4:B8:5E:DC:B5:DD,-87,2016,1,28,7,41,29
F4:B8:5E:C4:5F:8C,-89,2016,1,28,7,42,0
F4:B8:5E:C4:5F:BE,-87,2016,1,28,7,42,0
F4:B8:5E:DD:42:D2,-89,2016,1,28,7,42,0
F4:B8:5E:C4:56:3D,-80,2016,1,28,7,42,0
F4:B8:5E:DC:B5:DD,-86,2016,1,28,7,42,0
F4:B8:5E:C4:5F:8C,-87,2016,1,28,7,42,31
F4:B8:5E:C4:5F:BE,-87,2016,1,28,7,42,31
F4:B8:5E:DD:42:D2,-89,2016,1,28,7,42,31
F4:B8:5E:C4:56:3D,-79,2016,1,28,7,42,31
F4:B8:5E:DC:B5:DD,-89,2016,1,28,7,42,31
F4:B8:5E:C4:5F:8C,-89,2016,1,28,7,43,2
F4:B8:5E:C4:5F:BE,-87,2016,1,28,7,43,2
F4:B8:5E:DD:42:D2,-90,2016,1,28,7,43,2
F4:B8:5E:C4:56:3D,-79,2016,1,28,7,43,2
F4:B8:5E:DC:B5:DD,-84,2016,1,28,7,43,2
F4:B8:5E:C4:5F:BE,-89,2016,1,28,7,43,32
F4:B8:5E:C4:5F:8C,-88,2016,1,28,7,43,32
F4:B8:5E:DD:42:D2,-83,2016,1,28,7,43,32
F4:B8:5E:C4:56:3D,-87,2016,1,28,7,43,32
F4:B8:5E:DC:B5:DD,-86,2016,1,28,7,43,32
F4:B8:5E:C4:5F:8C,-87,2016,1,28,7,44,2
F4:B8:5E:C4:5F:BE,-86,2016,1,28,7,44,2
F4:B8:5E:DD:42:D2,-82,2016,1,28,7,44,2
F4:B8:5E:C4:56:3D,-88,2016,1,28,7,44,2
F4:B8:5E:DC:B5:DD,-84,2016,1,28,7,44,2
F4:B8:5E:C4:5F:8C,-88,2016,1,28,7,44,33
F4:B8:5E:C4:5F:BE,-87,2016,1,28,7,44,33
F4:B8:5E:DD:42:D2,-83,2016,1,28,7,44,33
F4:B8:5E:C4:56:3D,-88,2016,1,28,7,44,33
F4:B8:5E:DC:B5:DD,-89,2016,1,28,7,44,33
F4:B8:5E:C4:5F:8C,-86,2016,1,28,7,45,4
F4:B8:5E:C4:5F:BE,-80,2016,1,28,7,45,4
F4:B8:5E:DD:42:D2,-84,2016,1,28,7,45,4
F4:B8:5E:C4:56:3D,-81,2016,1,28,7,45,4
F4:B8:5E:DC:B5:DD,-89,2016,1,28,7,45,4
F4:B8:5E:C4:5F:8C,-87,2016,1,28,7,45,35
F4:B8:5E:C4:5F:BE,-81,2016,1,28,7,45,35
F4:B8:5E:DD:42:D2,-82,2016,1,28,7,45,35
F4:B8:5E:C4:56:3D,-78,2016,1,28,7,45,35
F4:B8:5E:DC:B5:DD,-88,2016,1,28,7,45,35
F4:B8:5E:C4:5F:BE,-87,2016,1,28,7,46,5
F4:B8:5E:C4:5F:8C,-88,2016,1,28,7,46,5
F4:B8:5E:DD:42:D2,-84,2016,1,28,7,46,5
F4:B8:5E:C4:56:3D,-90,2016,1,28,7,46,5
F4:B8:5E:DC:B5:DD,-85,2016,1,28,7,46,5
F4:B8:5E:C4:5F:8C,-89,2016,1,28,7,46,36
F4:B8:5E:C4:5F:BE,-86,2016,1,28,7,46,36
F4:B8:5E:DD:42:D2,-89,2016,1,28,7,46,36
F4:B8:5E:C4:56:3D,-86,2016,1,28,7,46,36
F4:B8:5E:DC:B5:DD,-84,2016,1,28,7,46,36
F4:B8:5E:C4:5F:8C,-88,2016,1,28,7,47,6
F4:B8:5E:C4:5F:BE,-80,2016,1,28,7,47,6
F4:B8:5E:DD:42:D2,-90,2016,1,28,7,47,6
F4:B8:5E:C4:56:3D,-86,2016,1,28,7,47,6
F4:B8:5E:DC:B5:DD,-86,2016,1,28,7,47,6
F4:B8:5E:C4:5F:8C,-86,2016,1,28,7,47,36
F4:B8:5E:C4:5F:BE,-86,2016,1,28,7,47,36
F4:B8:5E:DD:42:D2,-89,2016,1,28,7,47,36
F4:B8:5E:C4:56:3D,-91,2016,1,28,7,47,36
F4:B8:5E:DC:B5:DD,-85,2016,1,28,7,47,36
F4:B8:5E:C4:5F:8C,-88,2016,1,28,7,48,6
F4:B8:5E:C4:5F:BE,-87,2016,1,28,7,48,6
F4:B8:5E:DD:42:D2,-88,2016,1,28,7,48,6
F4:B8:5E:C4:56:3D,-90,2016,1,28,7,48,6
F4:B8:5E:DC:B5:DD,-89,2016,1,28,7,48,6
F4:B8:5E:C4:5F:8C,-86,2016,1,28,7,48,37
F4:B8:5E:C4:5F:BE,-87,2016,1,28,7,48,37
F4:B8:5E:DD:42:D2,-90,2016,1,28,7,48,37
F4:B8:5E:C4:56:3D,-86,2016,1,28,7,48,37
F4:B8:5E:DC:B5:DD,-85,2016,1,28,7,48,37
F4:B8:5E:C4:5F:8C,-85,2016,1,28,7,49,7
F4:B8:5E:C4:5F:BE,-87,2016,1,28,7,49,7
F4:B8:5E:DD:42:D2,-86,2016,1,28,7,49,7
F4:B8:5E:C4:56:3D,-81,2016,1,28,7,49,7
F4:B8:5E:DC:B5:DD,-88,2016,1,28,7,49,7
F4:B8:5E:C4:5F:8C,-89,2016,1,28,7,49,38
F4:B8:5E:C4:5F:BE,-86,2016,1,28,7,49,38
F4:B8:5E:DD:42:D2,-85,2016,1,28,7,49,38
F4:B8:5E:C4:56:3D,-90,2016,1,28,7,49,38
F4:B8:5E:DC:B5:DD,-89,2016,1,28,7,49,38
F4:B8:5E:C4:5F:8C,-88,2016,1,28,7,50,9
F4:B8:5E:C4:5F:BE,-85,2016,1,28,7,50,9
F4:B8:5E:DD:42:D2,-86,2016,1,28,7,50,9
F4:B8:5E:C4:56:3D,-90,2016,1,28,7,50,9
F4:B8:5E:DC:B5:DD,-88,2016,1,28,7,50,9
F4:B8:5E:C4:5F:BE,-81,2016,1,28,7,50,39
F4:B8:5E:C4:5F:8C,-93,2016,1,28,7,50,39
F4:B8:5E:DD:42:D2,-82,2016,1,28,7,50,39
F4:B8:5E:C4:56:3D,-85,2016,1,28,7,50,39
F4:B8:5E:DC:B5:DD,-81,2016,1,28,7,50,39
F4:B8:5E:C4:5F:8C,-76,2016,1,28,7,51,10
F4:B8:5E:C4:5F:BE,-79,2016,1,28,7,51,10
F4:B8:5E:DD:42:D2,-87,2016,1,28,7,51,10
F4:B8:5E:C4:56:3D,-77,2016,1,28,7,51,10
F4:B8:5E:DC:B5:DD,-85,2016,1,28,7,51,10
F4:B8:5E:C4:5F:8C,-84,2016,1,28,7,51,40
F4:B8:5E:C4:5F:BE,-83,2016,1,28,7,51,40
F4:B8:5E:DD:42:D2,-90,2016,1,28,7,51,40
F4:B8:5E:C4:56:3D,-76,2016,1,28,7,51,40
F4:B8:5E:DC:B5:DD,-80,2016,1,28,7,51,40
F4:B8:5E:C4:5F:BE,-87,2016,1,28,7,52,10
F4:B8:5E:DD:42:D2,-94,2016,1,28,7,52,10
F4:B8:5E:DC:B5:DD,-96,2016,1,28,7,52,10
F4:B8:5E:C4:5F:BE,-86,2016,1,28,7,52,40
F4:B8:5E:DD:42:D2,-93,2016,1,28,7,52,40
F4:B8:5E:DC:B5:DD,-96,2016,1,28,7,52,40
F4:B8:5E:C4:5F:BE,-87,2016,1,28,7,53,11
F4:B8:5E:DD:42:D2,-93,2016,1,28,7,53,11
F4:B8:5E:DC:B5:DD,-96,2016,1,28,7,53,11
F4:B8:5E:C4:5F:BE,-98,2016,1,28,7,53,41
F4:B8:5E:DD:42:D2,-94,2016,1,28,7,53,41
F4:B8:5E:DC:B5:DD,-95,2016,1,28,7,53,41
F4:B8:5E:C4:5F:BE,-97,2016,1,28,7,54,12
F4:B8:5E:DD:42:D2,-95,2016,1,28,7,54,12
F4:B8:5E:DC:B5:DD,-95,2016,1,28,7,54,12
F4:B8:5E:C4:5F:BE,-87,2016,1,28,7,54,43
F4:B8:5E:DD:42:D2,-94,2016,1,28,7,54,43
F4:B8:5E:DC:B5:DD,-93,2016,1,28,7,54,43
F4:B8:5E:C4:5F:BE,-87,2016,1,28,7,55,14
F4:B8:5E:DD:42:D2,-95,2016,1,28,7,55,14
F4:B8:5E:DC:B5:DD,-94,2016,1,28,7,55,14
F4:B8:5E:C4:5F:BE,-89,2016,1,28,7,55,45
F4:B8:5E:DD:42:D2,-93,2016,1,28,7,55,45
F4:B8:5E:C4:5F:8C,-98,2016,1,28,7,56,15
F4:B8:5E:C4:5F:BE,-90,2016,1,28,7,56,15
F4:B8:5E:DC:B5:DD,-99,2016,1,28,7,56,15
F4:B8:5E:C4:5F:8C,-94,2016,1,28,7,56,45
F4:B8:5E:C4:5F:BE,-91,2016,1,28,7,56,45
F4:B8:5E:DD:42:D2,-95,2016,1,28,7,56,45
F4:B8:5E:C4:56:3D,-86,2016,1,28,7,56,45
F4:B8:5E:DC:B5:DD,-97,2016,1,28,7,56,45
F4:B8:5E:C4:5F:8C,-87,2016,1,28,7,57,15
F4:B8:5E:C4:5F:BE,-93,2016,1,28,7,57,15
F4:B8:5E:DD:42:D2,-88,2016,1,28,7,57,15
F4:B8:5E:C4:56:3D,-90,2016,1,28,7,57,15
F4:B8:5E:DC:B5:DD,-88,2016,1,28,7,57,15
F4:B8:5E:C4:5F:8C,-94,2016,1,28,7,57,46
F4:B8:5E:DD:42:D2,-96,2016,1,28,7,57,46
F4:B8:5E:C4:56:3D,-92,2016,1,28,7,57,46
F4:B8:5E:DC:B5:DD,-91,2016,1,28,7,57,46
F4:B8:5E:DC:B5:DD,-96,2016,1,28,7,58,16
